# Cl -- Cl in GB*
# r0[nm] k[kCal/mol/nm^2]
0.2862 inf
0.2902 inf
0.2942 32.459395
0.2982 32.475505
0.3022 30.301074
0.3062 29.336894
0.3102 28.312525
0.3142 26.575260
0.3182 25.674769
0.3222 24.344673
0.3262 21.788420
0.3302 19.353425
0.3342 17.410262
0.3382 15.605471
0.3422 14.038939
0.3462 12.641910
0.3502 11.436134
0.3542 10.313055
0.3582 9.338547
0.3622 8.423264
0.3662 7.642526
0.3702 6.911077
0.3742 6.279548
0.3782 5.669401
0.3822 5.116815
0.3862 4.642971
0.3902 4.184677
0.3942 3.789680
0.3982 3.400071
0.4022 3.067671
0.4062 2.714360
0.4102 2.409640
0.4142 2.095774
0.4182 1.860350
0.4222 1.606383
0.4262 1.411763
0.4302 1.213185
0.4342 1.050093
0.4382 0.888132
0.4422 0.784542
0.4462 0.609466
0.4502 0.519677
0.4542 0.392360
0.4582 0.301024
0.4622 0.241381
0.4662 0.147925
0.4702 0.075988
0.4742 0.017922
0.4782 -0.032788
0.4822 0.005421
0.4862 -0.082916
0.4902 -0.076805
0.4942 -0.084314
0.4982 -0.096424
0.5022 -0.081363
0.5062 -0.081266
0.5102 -0.103384
0.5142 -0.087462
0.5182 -0.130862
0.5222 -0.115361
0.5262 -0.063158
0.5302 -0.005826
0.5342 0.066838
0.5382 0.104541
0.5422 0.061459
0.5462 0.113722
0.5502 0.117787
0.5542 0.115643
0.5582 0.150988
0.5622 0.139792
0.5662 0.175629
0.5702 0.188938
0.5742 0.208013
0.5782 0.221760
0.5822 0.261874
0.5862 0.280771
0.5902 0.343800
0.5942 0.324221
0.5982 0.372648
0.6022 0.380723
0.6062 0.414093
0.6102 0.428275
0.6142 0.425150
0.6182 0.428246
0.6222 0.433667
0.6262 0.432716
0.6302 0.482116
0.6342 0.453143
0.6383 0.413968
0.6423 0.422329
0.6463 0.396960
0.6503 0.364119
0.6543 0.374091
0.6583 0.330144
0.6623 0.297645
0.6663 0.320706
0.6703 0.257917
0.6743 0.225130
0.6783 0.131350
0.6823 0.109806
0.6863 0.114255
0.6903 0.137585
0.6943 0.108070
0.6983 0.102544
0.7023 0.058147
0.7063 0.068923
0.7103 0.088342
0.7143 0.140622
0.7183 0.115481
0.7223 0.063179
0.7263 0.022884
0.7303 -0.032173
0.7343 -0.040560
0.7383 -0.036012
0.7423 -0.042735
0.7463 -0.060494
0.7503 -0.090949
0.7543 -0.081701
0.7583 -0.000065
0.7623 -0.049791
0.7663 -0.003293
0.7703 -0.017136
0.7743 -0.049156
0.7783 -0.000961
0.7823 -0.014714
0.7863 -0.058292
0.7903 -0.026651
0.7943 -0.035486
0.7983 -0.038491
0.8023 -0.045358
0.8063 -0.022978
0.8103 -0.041252
0.8143 0.005246
0.8183 -0.003752
0.8223 0.057414
0.8263 0.038133
0.8303 0.073855
0.8343 0.048640
0.8383 0.084815
0.8423 0.080662
0.8463 0.098512
0.8503 0.073497
0.8543 0.068394
0.8583 0.065402
0.8623 0.094346
0.8663 0.036500
0.8703 0.065876
0.8743 0.056989
0.8783 0.041885
0.8823 0.047182
0.8863 0.110096
0.8903 0.085319
0.8943 0.070670
0.8983 0.089345
0.9023 0.033190
0.9063 0.116520
0.9103 0.053659
0.9143 0.067846
0.9183 0.053357
0.9223 0.011624
0.9263 0.056656
0.9303 0.059754
0.9343 -0.015230
0.9383 -0.036515
0.9423 -0.001467
0.9463 -0.023019
0.9503 0.002035
0.9543 -0.012434
0.9583 0.015085
0.9623 -0.054010
0.9663 0.012622
0.9703 -0.080975
0.9743 -0.040114
0.9783 -0.021126
0.9823 -0.065765
0.9863 -0.007451
0.9903 -0.042483
0.9943 -0.040256
0.9983 0.000000
1.0023 -0.031233
1.0064 -0.023240
1.0104 -0.023942
1.0144 -0.028404
1.0184 -0.015270
1.0224 -0.079580
1.0264 -0.060046
1.0304 -0.041835
1.0344 -0.113470
1.0384 -0.133781
1.0424 -0.118542
1.0464 -0.097128
1.0504 -0.057911
1.0544 -0.092790
1.0584 -0.081505
1.0624 -0.047592
1.0664 -0.068116
1.0704 -0.087802
1.0744 -0.040999
1.0784 -0.090287
1.0824 -0.110680
1.0864 -0.107261
1.0904 -0.029601
1.0944 -0.085523
1.0984 -0.062633
1.1024 -0.090334
1.1064 -0.097192
1.1104 -0.076659
1.1144 -0.078772
1.1184 -0.078611
1.1224 -0.083521
1.1264 -0.062981
1.1304 -0.093966
1.1344 -0.073931
1.1384 -0.128705
1.1424 -0.116463
1.1464 -0.132485
1.1504 -0.102214
1.1544 -0.134245
1.1584 -0.128209
1.1624 -0.076622
1.1664 -0.086117
1.1704 -0.141981
1.1744 -0.097427
1.1784 -0.112259
1.1824 -0.111332
1.1864 -0.107772
1.1904 -0.154384
1.1944 -0.106192
1.1984 -0.095291
1.2024 -0.066877
1.2064 -0.103015
1.2104 -0.114264
1.2144 -0.099447
1.2184 -0.110854
1.2224 -0.095806
1.2264 -0.057321
1.2304 -0.133324
1.2344 -0.117707
1.2384 -0.138269
1.2424 -0.109224
1.2464 -0.091451
1.2504 -0.104504
1.2544 -0.093219
1.2584 -0.084196
1.2624 -0.074869
1.2664 -0.109542
1.2704 -0.115116
1.2744 -0.185727
1.2784 -0.136927
1.2824 -0.175616
1.2864 -0.137837
1.2904 -0.164644
1.2944 -0.142691
1.2984 -0.125722
1.3024 -0.132681
1.3064 -0.165291
1.3104 -0.182902
1.3144 -0.128067
1.3184 -0.129790
1.3224 -0.135386
1.3264 -0.191398
1.3304 -0.173143
1.3344 -0.124627
1.3384 -0.146709
1.3424 -0.167973
1.3464 -0.199794
1.3504 -0.172704
1.3544 -0.131583
1.3584 -0.173838
1.3624 -0.155346
1.3664 -0.153864
1.3704 -0.178015
1.3744 -0.164675
1.3784 -0.175326
1.3825 -0.180793
1.3865 -0.228349
1.3905 -0.206935
1.3945 -0.222608
1.3985 -0.225577
1.4025 -0.241655
1.4065 -0.218857
1.4105 -0.205493
1.4145 -0.166101
1.4185 -0.214710
1.4225 -0.167930
1.4265 -0.167133
1.4305 -0.218117
1.4345 -0.210282
1.4385 -0.163025
1.4425 -0.161134
1.4465 -0.164435
1.4505 -0.184784
1.4545 -0.159083
1.4585 -0.189094
1.4625 -0.147121
1.4665 -0.191590
1.4705 -0.168134
1.4745 -0.192455
1.4785 -0.207960
1.4825 -0.180755
1.4865 -0.211780
1.4905 -0.215017
1.4945 -0.192000
1.4985 -0.197556
1.5025 -0.142734
1.5065 -0.163265
1.5105 -0.178237
1.5145 -0.172797
1.5185 -0.147818
1.5225 -0.140024
1.5265 -0.199017
1.5305 -0.135099
1.5345 -0.156593
1.5385 -0.181958
1.5425 -0.210560
1.5465 -0.165738
