# Acetate(C2) -- Ca in GB*
# r0[nm] k[kCal/mol/nm^2]
0.2656 6.681960
0.2696 4.264069
0.2736 2.156580
0.2776 0.567660
0.2816 -0.717940
0.2856 -1.773908
0.2896 -2.564358
0.2936 -3.151100
0.2976 -3.518766
0.3016 -3.667917
0.3056 -3.617901
0.3096 -3.463758
0.3136 -3.158695
0.3176 -2.773613
0.3216 -2.337359
0.3256 -1.919059
0.3296 -1.599380
0.3336 -1.373623
0.3376 -1.240577
0.3416 -1.224046
0.3455 -1.288559
0.3495 -1.389710
0.3535 -1.473541
0.3575 -1.498646
0.3615 -1.516410
0.3655 -1.512907
0.3695 -1.447238
0.3735 -1.309101
0.3775 -1.118392
0.3815 -0.842774
0.3855 -0.567462
0.3895 -0.205144
0.3935 0.175028
0.3975 0.551198
0.4015 0.907340
0.4055 1.276139
0.4095 1.623765
0.4135 1.754332
0.4175 1.894249
0.4215 1.983165
0.4255 1.865149
0.4295 1.762316
0.4335 1.670373
0.4375 1.539122
0.4414 1.335694
0.4454 1.195401
0.4494 1.025441
0.4534 0.876316
0.4574 0.773795
0.4614 0.562681
0.4654 0.383713
0.4694 0.274455
0.4734 0.169886
0.4774 0.043383
0.4814 -0.035102
0.4854 -0.167090
0.4894 -0.217196
0.4934 -0.308490
0.4974 -0.353703
0.5014 -0.443646
0.5054 -0.485211
0.5094 -0.533700
0.5134 -0.610189
0.5174 -0.616707
0.5214 -0.641534
0.5254 -0.653887
0.5293 -0.658683
0.5333 -0.713133
0.5373 -0.677717
0.5413 -0.664934
0.5453 -0.661236
0.5493 -0.655913
0.5533 -0.632471
0.5573 -0.619293
0.5613 -0.608254
0.5653 -0.633812
0.5693 -0.593759
0.5733 -0.621302
0.5773 -0.612764
0.5813 -0.599116
0.5853 -0.589597
0.5893 -0.531927
0.5933 -0.503885
0.5973 -0.490281
0.6013 -0.436407
0.6053 -0.417395
0.6093 -0.358697
0.6133 -0.338430
0.6173 -0.303701
0.6213 -0.270626
0.6252 -0.198913
0.6292 -0.179190
0.6332 -0.085751
0.6372 -0.093996
0.6412 -0.011301
0.6452 0.069278
0.6492 0.115105
0.6532 0.112462
0.6572 0.098694
0.6612 0.109000
0.6652 0.126369
0.6692 0.158642
0.6732 0.095831
0.6772 0.135285
0.6812 0.125136
0.6852 0.091686
0.6892 0.095770
0.6932 0.097650
0.6972 0.080490
0.7012 0.019890
0.7052 0.078076
0.7092 0.042772
0.7132 0.051549
0.7171 0.033285
0.7211 0.041325
0.7251 0.037082
0.7291 0.007412
0.7331 -0.008026
0.7371 -0.027177
0.7411 -0.087344
0.7451 -0.083879
0.7491 -0.084824
0.7531 -0.086489
0.7571 -0.089579
0.7611 -0.114750
0.7651 -0.088955
0.7691 -0.143278
0.7731 -0.091535
0.7771 -0.178477
0.7811 -0.136979
0.7851 -0.120822
0.7891 -0.133330
0.7931 -0.093480
0.7971 -0.126418
0.8011 -0.103827
0.8051 -0.036228
0.8090 -0.098040
0.8130 -0.086623
0.8170 -0.058994
0.8210 0.013157
0.8250 0.031668
0.8290 -0.007615
0.8330 0.019987
0.8370 0.068549
0.8410 0.071801
0.8450 0.115803
0.8490 0.068089
0.8530 0.116054
0.8570 0.088250
0.8610 0.078080
0.8650 0.012560
0.8690 0.061371
0.8730 0.013255
0.8770 0.063422
0.8810 0.003081
0.8850 -0.009937
0.8890 0.013190
0.8930 0.069743
0.8970 0.076321
0.9009 0.017231
0.9049 0.044313
0.9089 0.101296
0.9129 0.041559
0.9169 0.091432
0.9209 0.093193
0.9249 0.065865
0.9289 0.017499
0.9329 -0.003320
0.9369 -0.005712
0.9409 -0.025037
0.9449 0.037676
0.9489 0.007754
0.9529 0.020549
0.9569 -0.030412
0.9609 -0.026326
0.9649 -0.000969
0.9689 -0.028208
0.9729 -0.019045
0.9769 -0.058591
0.9809 -0.038967
0.9849 -0.003651
0.9889 -0.011435
0.9928 -0.007907
0.9968 -0.018330
1.0008 -0.022422
1.0048 -0.083855
1.0088 -0.060055
1.0128 -0.048537
1.0168 -0.024922
1.0208 -0.031561
1.0248 0.009143
1.0288 -0.026111
1.0328 -0.015412
1.0368 0.045291
1.0408 0.030665
1.0448 -0.012402
1.0488 -0.010545
1.0528 0.016721
1.0568 0.043920
1.0608 0.025965
1.0648 0.064814
1.0688 0.073803
1.0728 0.045114
1.0768 0.023790
1.0808 0.048314
1.0848 0.082983
1.0887 0.112585
1.0927 0.090729
1.0967 0.071120
1.1007 0.055859
1.1047 0.042324
1.1087 0.046600
1.1127 0.150074
1.1167 0.115713
1.1207 0.141114
1.1247 0.094625
1.1287 0.155355
1.1327 0.170929
1.1367 0.113711
1.1407 0.127619
1.1447 0.175240
1.1487 0.144166
1.1527 0.107079
1.1567 0.156971
1.1607 0.173796
1.1647 0.163580
1.1687 0.139974
1.1727 0.106824
1.1766 0.097141
1.1806 0.064241
1.1846 0.119325
1.1886 0.052853
1.1926 0.004158
1.1966 0.049398
1.2006 0.000000
1.2046 0.027882
1.2086 0.064682
1.2126 0.041128
1.2166 0.058482
1.2206 0.084303
1.2246 0.032831
1.2286 0.047095
1.2326 0.080023
1.2366 0.076583
1.2406 0.081779
1.2446 0.012886
1.2486 0.046725
1.2526 0.113363
1.2566 0.064914
1.2606 0.033819
1.2646 0.093125
1.2686 0.068195
1.2725 0.103425
1.2765 0.131485
1.2805 0.102651
1.2845 0.101957
1.2885 0.126444
1.2925 0.095415
1.2965 0.109762
1.3005 0.136712
1.3045 0.123602
1.3085 0.124043
1.3125 0.176963
1.3165 0.086555
1.3205 0.128135
1.3245 0.143370
1.3285 0.132929
1.3325 0.129625
1.3365 0.157763
1.3405 0.084663
1.3445 0.148614
1.3485 0.179019
1.3525 0.115559
1.3565 0.181168
1.3605 0.142008
1.3644 0.093058
1.3684 0.122075
1.3724 0.173226
1.3764 0.168034
1.3804 0.158214
1.3844 0.115283
1.3884 0.180951
1.3924 0.166613
1.3964 0.121458
1.4004 0.192278
1.4044 0.138177
1.4084 0.139507
1.4124 0.177678
1.4164 0.168160
1.4204 0.127937
1.4244 0.157359
1.4284 0.111965
1.4324 0.194131
1.4364 0.173034
1.4404 0.176092
1.4444 0.170586
1.4484 0.192469
1.4524 0.178088
1.4563 0.217568
1.4603 0.226664
1.4643 0.177622
1.4683 0.170993
1.4723 0.136316
1.4763 0.202498
1.4803 0.187760
1.4843 0.170715
1.4883 0.244773
1.4923 0.215346
1.4963 0.227823
1.5003 0.163777
1.5043 0.229005
1.5083 0.199220
1.5123 0.179026
1.5163 0.141494
1.5203 0.218804
1.5243 0.175924
1.5283 0.154520
1.5323 0.195751
1.5363 0.191274
1.5403 0.113824
1.5443 0.219617
1.5482 0.202991
