# Ca -- Ca in GB (OBC1)
# r0[nm] k[kCal/mol/nm^2]
0.2415 46.590852
0.2455 45.945176
0.2495 45.238180
0.2535 45.257121
0.2575 43.228093
0.2615 43.246450
0.2655 41.386020
0.2695 40.786228
0.2735 39.713940
0.2775 37.928742
0.2815 36.085472
0.2855 34.232060
0.2895 31.953257
0.2935 29.999321
0.2975 28.064786
0.3015 26.296013
0.3055 24.747328
0.3095 23.267580
0.3135 21.885192
0.3175 20.651234
0.3215 19.499778
0.3255 18.437361
0.3295 17.439402
0.3334 16.516980
0.3374 15.684699
0.3414 14.860779
0.3454 14.111880
0.3494 13.400005
0.3534 12.746123
0.3574 12.147332
0.3614 11.522680
0.3654 11.036360
0.3694 10.494119
0.3734 10.015230
0.3774 9.578536
0.3814 9.165225
0.3854 8.795245
0.3894 8.432878
0.3934 8.084898
0.3974 7.744945
0.4014 7.450724
0.4054 7.175854
0.4094 6.901447
0.4134 6.699124
0.4174 6.428449
0.4214 6.217220
0.4254 5.946816
0.4293 5.749010
0.4333 5.580008
0.4373 5.358336
0.4413 5.182467
0.4453 5.019042
0.4493 4.844286
0.4533 4.715728
0.4573 4.580631
0.4613 4.445709
0.4653 4.281754
0.4693 4.139287
0.4733 4.069039
0.4773 3.973413
0.4813 3.842472
0.4853 3.783557
0.4893 3.695060
0.4933 3.583759
0.4973 3.478867
0.5013 3.390653
0.5053 3.273583
0.5093 3.263804
0.5133 3.178648
0.5173 3.119890
0.5213 3.035663
0.5253 3.010189
0.5292 2.910123
0.5332 2.866931
0.5372 2.751389
0.5412 2.726160
0.5452 2.656164
0.5492 2.569381
0.5532 2.568728
0.5572 2.502207
0.5612 2.478731
0.5652 2.405997
0.5692 2.362985
0.5732 2.368927
0.5772 2.282815
0.5812 2.251846
0.5852 2.267089
0.5892 2.195173
0.5932 2.174069
0.5972 2.095668
0.6012 2.094325
0.6052 2.013435
0.6092 1.999230
0.6132 1.995296
0.6172 1.979545
0.6212 1.934109
0.6251 1.909863
0.6291 1.861966
0.6331 1.837627
0.6371 1.813815
0.6411 1.798704
0.6451 1.791416
0.6491 1.751489
0.6531 1.700535
0.6571 1.698466
0.6611 1.670361
0.6651 1.690506
0.6691 1.666019
0.6731 1.658333
0.6771 1.633835
0.6811 1.627799
0.6851 1.618859
0.6891 1.631044
0.6931 1.497549
0.6971 1.509312
0.7011 1.464978
0.7051 1.453390
0.7091 1.430038
0.7131 1.434372
0.7171 1.377886
0.7210 1.379594
0.7250 1.393162
0.7290 1.382803
0.7330 1.304411
0.7370 1.291411
0.7410 1.281993
0.7450 1.246893
0.7490 1.259222
0.7530 1.253294
0.7570 1.268093
0.7610 1.232244
0.7650 1.231851
0.7690 1.163836
0.7730 1.232995
0.7770 1.150037
0.7810 1.130726
0.7850 1.199415
0.7890 1.217230
0.7930 1.081253
0.7970 1.146917
0.8010 1.091272
0.8050 1.125428
0.8090 1.047160
0.8130 1.055889
0.8170 1.055613
0.8209 1.039998
0.8249 1.105534
0.8289 1.062936
0.8329 0.976548
0.8369 1.024028
0.8409 0.993470
0.8449 1.027968
0.8489 0.936459
0.8529 0.969413
0.8569 0.938163
0.8609 0.931587
0.8649 0.928717
0.8689 0.914255
0.8729 0.913004
0.8769 0.948348
0.8809 0.879756
0.8849 0.844767
0.8889 0.884312
0.8929 0.853932
0.8969 0.851271
0.9009 0.833239
0.9049 0.803945
0.9089 0.829361
0.9129 0.786133
0.9169 0.754856
0.9208 0.748641
0.9248 0.783365
0.9288 0.708641
0.9328 0.759599
0.9368 0.773581
0.9408 0.741385
0.9448 0.730397
0.9488 0.677321
0.9528 0.715441
0.9568 0.718558
0.9608 0.684617
0.9648 0.646175
0.9688 0.688008
0.9728 0.675394
0.9768 0.677318
0.9808 0.661387
0.9848 0.620447
0.9888 0.640129
0.9928 0.660028
0.9968 0.641164
1.0008 0.622500
1.0048 0.616884
1.0088 0.569683
1.0128 0.604078
1.0167 0.597050
1.0207 0.579509
1.0247 0.527693
1.0287 0.585253
1.0327 0.627886
1.0367 0.596877
1.0407 0.573940
1.0447 0.515209
1.0487 0.578182
1.0527 0.544583
1.0567 0.501620
1.0607 0.570668
1.0647 0.508651
1.0687 0.492003
1.0727 0.516053
1.0767 0.476752
1.0807 0.476735
1.0847 0.424241
1.0887 0.487604
1.0927 0.449197
1.0967 0.414649
1.1007 0.421187
1.1047 0.476911
1.1087 0.399025
1.1126 0.455497
1.1166 0.424950
1.1206 0.385070
1.1246 0.445785
1.1286 0.431889
1.1326 0.379827
1.1366 0.392373
1.1406 0.409487
1.1446 0.348112
1.1486 0.364651
1.1526 0.347974
1.1566 0.352378
1.1606 0.328036
1.1646 0.348662
1.1686 0.305042
1.1726 0.330952
1.1766 0.328727
1.1806 0.309411
1.1846 0.338168
1.1886 0.351457
1.1926 0.325848
1.1966 0.351473
1.2006 0.303978
1.2046 0.330885
1.2086 0.360546
1.2125 0.314410
1.2165 0.326960
1.2205 0.269783
1.2245 0.292317
1.2285 0.306401
1.2325 0.218539
1.2365 0.247703
1.2405 0.284831
1.2445 0.248932
1.2485 0.260029
1.2525 0.297545
1.2565 0.228953
1.2605 0.215178
1.2645 0.210719
1.2685 0.293811
1.2725 0.253507
1.2765 0.235165
1.2805 0.251414
1.2845 0.232754
1.2885 0.182850
1.2925 0.223911
1.2965 0.242293
1.3005 0.221078
1.3045 0.236182
1.3084 0.241942
1.3124 0.225554
1.3164 0.228610
1.3204 0.208331
1.3244 0.188130
1.3284 0.185165
1.3324 0.211740
1.3364 0.204699
1.3404 0.201278
1.3444 0.233192
1.3484 0.161152
1.3524 0.161183
1.3564 0.166996
1.3604 0.214098
1.3644 0.175801
1.3684 0.188739
1.3724 0.156658
1.3764 0.120957
1.3804 0.120759
1.3844 0.110337
1.3884 0.118898
1.3924 0.114854
1.3964 0.068533
1.4004 0.108451
1.4043 0.084762
1.4083 0.065100
1.4123 0.068396
1.4163 0.058303
1.4203 0.051995
1.4243 0.070191
1.4283 0.106870
1.4323 0.060405
1.4363 0.094758
1.4403 0.040848
1.4443 0.133984
1.4483 0.046387
1.4523 0.049221
1.4563 0.017780
1.4603 0.083685
1.4643 0.041392
1.4683 0.079276
1.4723 -0.004399
1.4763 0.000332
1.4803 0.084975
1.4843 0.026903
1.4883 0.035255
1.4923 -0.000331
1.4963 0.082714
1.5003 0.000000
1.5042 0.072543
1.5082 0.025525
1.5122 0.065691
1.5162 0.020189
1.5202 0.023251
1.5242 0.066998
1.5282 -0.016453
1.5322 0.027832
1.5362 -0.007292
1.5402 0.010420
1.5442 0.022922
1.5482 -0.012891
