# Ca -- Cl in GB**
# r0[nm] k[kCal/mol/nm^2]
0.2719 10.084376
0.2759 7.614493
0.2799 5.114950
0.2839 3.476159
0.2879 2.634771
0.2919 2.360645
0.2959 2.386041
0.2999 2.475719
0.3039 2.645633
0.3079 2.842395
0.3119 3.007832
0.3159 3.187033
0.3199 3.328815
0.3239 3.494780
0.3279 3.603522
0.3319 3.614209
0.3359 3.626587
0.3399 3.603484
0.3439 3.531205
0.3479 3.517191
0.3520 3.450531
0.3560 3.372041
0.3600 3.310343
0.3640 3.264818
0.3680 3.102139
0.3720 3.017019
0.3760 2.984230
0.3800 2.889439
0.3840 2.720643
0.3880 2.589180
0.3920 2.422710
0.3960 2.284746
0.4000 2.076638
0.4040 1.915152
0.4080 1.662234
0.4120 1.481867
0.4160 1.339864
0.4200 1.205230
0.4240 1.079409
0.4280 0.985779
0.4320 0.820902
0.4360 0.698312
0.4400 0.456498
0.4440 0.306850
0.4480 0.089949
0.4520 -0.036870
0.4560 -0.171813
0.4600 -0.245832
0.4640 -0.289650
0.4680 -0.323488
0.4720 -0.329612
0.4760 -0.395157
0.4800 -0.407581
0.4840 -0.436392
0.4880 -0.414792
0.4920 -0.448681
0.4960 -0.429396
0.5000 -0.452365
0.5040 -0.478798
0.5080 -0.480370
0.5120 -0.477259
0.5160 -0.486531
0.5200 -0.502076
0.5240 -0.469821
0.5280 -0.488477
0.5320 -0.471270
0.5360 -0.467818
0.5400 -0.483418
0.5440 -0.524582
0.5481 -0.554646
0.5521 -0.492841
0.5561 -0.549305
0.5601 -0.522700
0.5641 -0.519493
0.5681 -0.492944
0.5721 -0.524049
0.5761 -0.486784
0.5801 -0.430481
0.5841 -0.348710
0.5881 -0.247192
0.5921 -0.188306
0.5961 -0.147082
0.6001 -0.134480
0.6041 -0.057267
0.6081 -0.009146
0.6121 0.062298
0.6161 0.098959
0.6201 0.167058
0.6241 0.182498
0.6281 0.229663
0.6321 0.236782
0.6361 0.220417
0.6401 0.207257
0.6441 0.241314
0.6481 0.286018
0.6521 0.258204
0.6561 0.251434
0.6601 0.219574
0.6641 0.269468
0.6681 0.202025
0.6721 0.227295
0.6761 0.201731
0.6801 0.165014
0.6841 0.139145
0.6881 0.110938
0.6921 0.103536
0.6961 0.094332
0.7001 0.062886
0.7041 0.012834
0.7081 0.010140
0.7121 0.000871
0.7161 -0.068813
0.7201 -0.045003
0.7241 -0.071138
0.7281 -0.087155
0.7321 -0.090874
0.7361 -0.110597
0.7401 -0.088745
0.7442 -0.109983
0.7482 -0.102465
0.7522 -0.080893
0.7562 -0.072483
0.7602 -0.047828
0.7642 -0.074639
0.7682 -0.053008
0.7722 -0.153765
0.7762 -0.162949
0.7802 -0.211746
0.7842 -0.207378
0.7882 -0.190279
0.7922 -0.186395
0.7962 -0.234060
0.8002 -0.174974
0.8042 -0.198290
0.8082 -0.152927
0.8122 -0.173948
0.8162 -0.186654
0.8202 -0.148608
0.8242 -0.146730
0.8282 -0.191041
0.8322 -0.122788
0.8362 -0.096360
0.8402 -0.055237
0.8442 -0.103146
0.8482 -0.095132
0.8522 -0.075701
0.8562 -0.043029
0.8602 -0.060272
0.8642 -0.034612
0.8682 0.032102
0.8722 0.020990
0.8762 0.061047
0.8802 0.052064
0.8842 0.037921
0.8882 0.021466
0.8922 0.072943
0.8962 0.090501
0.9002 0.118388
0.9042 0.128983
0.9082 0.144561
0.9122 0.169514
0.9162 0.088390
0.9202 0.117056
0.9242 0.108121
0.9282 0.054129
0.9322 0.050154
0.9363 0.089330
0.9403 0.045216
0.9443 0.135934
0.9483 0.070834
0.9523 0.055746
0.9563 0.087292
0.9603 0.040500
0.9643 0.102137
0.9683 0.048562
0.9723 0.056034
0.9763 0.004353
0.9803 0.035487
0.9843 0.049363
0.9883 -0.009470
0.9923 0.019895
0.9963 0.024878
1.0003 0.000000
1.0043 0.061069
1.0083 -0.007016
1.0123 0.018861
1.0163 0.000151
1.0203 0.057803
1.0243 -0.011561
1.0283 0.030054
1.0323 0.018326
1.0363 0.028187
1.0403 0.004011
1.0443 -0.004638
1.0483 0.045375
1.0523 0.016051
1.0563 0.051823
1.0603 0.028748
1.0643 -0.027449
1.0683 -0.021203
1.0723 0.008761
1.0763 0.072146
1.0803 0.029361
1.0843 0.030314
1.0883 0.061114
1.0923 0.041529
1.0963 0.054496
1.1003 0.002874
1.1043 0.081694
1.1083 0.078320
1.1123 0.045216
1.1163 0.088960
1.1203 0.073106
1.1243 0.081483
1.1283 0.046852
1.1324 0.109211
1.1364 0.088782
1.1404 0.026107
1.1444 0.100824
1.1484 0.054762
1.1524 0.073832
1.1564 0.065144
1.1604 0.061188
1.1644 0.075526
1.1684 0.072591
1.1724 0.118353
1.1764 0.100831
1.1804 0.100628
1.1844 0.083308
1.1884 0.083729
1.1924 0.109662
1.1964 0.143772
1.2004 0.106634
1.2044 0.131297
1.2084 0.145423
1.2124 0.138813
1.2164 0.169024
1.2204 0.143930
1.2244 0.109993
1.2284 0.147047
1.2324 0.187324
1.2364 0.151082
1.2404 0.179381
1.2444 0.143314
1.2484 0.177682
1.2524 0.108930
1.2564 0.196265
1.2604 0.170999
1.2644 0.205095
1.2684 0.190797
1.2724 0.148686
1.2764 0.163271
1.2804 0.152058
1.2844 0.151017
1.2884 0.188569
1.2924 0.196740
1.2964 0.132277
1.3004 0.187424
1.3044 0.190838
1.3084 0.191910
1.3124 0.215219
1.3164 0.212336
1.3204 0.223059
1.3244 0.215779
1.3285 0.174544
1.3325 0.159414
1.3365 0.161675
1.3405 0.182876
1.3445 0.155436
1.3485 0.192470
1.3525 0.219374
1.3565 0.152725
1.3605 0.122231
1.3645 0.129969
1.3685 0.162324
1.3725 0.202568
1.3765 0.172525
1.3805 0.201657
1.3845 0.189824
1.3885 0.207903
1.3925 0.244030
1.3965 0.219239
1.4005 0.203635
1.4045 0.202201
1.4085 0.220726
1.4125 0.242101
1.4165 0.243876
1.4205 0.197899
1.4245 0.233157
1.4285 0.218690
1.4325 0.264023
1.4365 0.218830
1.4405 0.242662
1.4445 0.179282
1.4485 0.220833
1.4525 0.194601
1.4565 0.241893
1.4605 0.231492
1.4645 0.223972
1.4685 0.257847
1.4725 0.223615
1.4765 0.256092
1.4805 0.262933
1.4845 0.227648
1.4885 0.242015
1.4925 0.281681
1.4965 0.250275
1.5005 0.280493
1.5045 0.283649
1.5085 0.287963
1.5125 0.353256
1.5165 0.320547
1.5206 0.317455
1.5246 0.321333
1.5286 0.301110
1.5326 0.293073
1.5366 0.289667
1.5406 0.345986
1.5446 0.303129
1.5486 0.268903
