# Ca -- Cl in MM*
# r0[nm] k[kCal/mol/nm^2]
0.2718 4.736217
0.2758 2.932541
0.2798 2.065651
0.2838 1.841245
0.2878 1.934719
0.2918 2.163825
0.2958 2.355325
0.2998 2.553008
0.3038 2.750436
0.3078 2.930173
0.3118 3.044553
0.3158 3.243366
0.3198 3.376714
0.3238 3.456514
0.3278 3.556110
0.3318 3.592147
0.3357 3.671158
0.3397 3.634157
0.3437 3.547680
0.3477 3.545916
0.3517 3.506293
0.3557 3.383714
0.3597 3.357276
0.3637 3.227475
0.3677 3.108274
0.3717 2.992314
0.3757 2.902478
0.3797 2.844074
0.3837 2.696306
0.3877 2.579097
0.3917 2.358819
0.3957 2.230421
0.3997 2.000342
0.4037 1.823090
0.4077 1.566587
0.4117 1.360585
0.4157 1.178276
0.4197 1.059153
0.4237 0.914983
0.4277 0.819990
0.4317 0.721752
0.4357 0.591380
0.4397 0.415143
0.4437 0.176034
0.4477 -0.001766
0.4517 -0.153191
0.4557 -0.255719
0.4597 -0.309486
0.4637 -0.402547
0.4677 -0.428835
0.4717 -0.486216
0.4756 -0.523746
0.4796 -0.568532
0.4836 -0.560441
0.4876 -0.535080
0.4916 -0.515135
0.4956 -0.482592
0.4996 -0.496713
0.5036 -0.525449
0.5076 -0.510978
0.5116 -0.510264
0.5156 -0.544778
0.5196 -0.542085
0.5236 -0.560317
0.5276 -0.550181
0.5316 -0.550744
0.5356 -0.524302
0.5396 -0.581773
0.5436 -0.566340
0.5476 -0.554420
0.5516 -0.557905
0.5556 -0.587402
0.5596 -0.561740
0.5636 -0.558186
0.5676 -0.503191
0.5716 -0.528782
0.5756 -0.510901
0.5796 -0.433581
0.5836 -0.407211
0.5876 -0.338796
0.5916 -0.351012
0.5956 -0.282105
0.5996 -0.217715
0.6036 -0.130522
0.6076 -0.123988
0.6116 -0.007046
0.6155 0.004523
0.6195 0.072597
0.6235 0.107870
0.6275 0.152243
0.6315 0.140443
0.6355 0.157895
0.6395 0.188157
0.6435 0.204720
0.6475 0.192364
0.6515 0.181388
0.6555 0.121838
0.6595 0.168557
0.6635 0.157469
0.6675 0.112979
0.6715 0.113714
0.6755 0.084155
0.6795 0.082823
0.6835 0.102697
0.6875 0.056162
0.6915 0.028378
0.6955 -0.026691
0.6995 -0.040471
0.7035 -0.059673
0.7075 -0.089690
0.7115 -0.052456
0.7155 -0.127691
0.7195 -0.097221
0.7235 -0.109327
0.7275 -0.155267
0.7315 -0.126747
0.7355 -0.124249
0.7395 -0.153733
0.7435 -0.173684
0.7475 -0.165095
0.7515 -0.164134
0.7554 -0.170048
0.7594 -0.169905
0.7634 -0.157148
0.7674 -0.176523
0.7714 -0.148807
0.7754 -0.144618
0.7794 -0.135551
0.7834 -0.093471
0.7874 -0.124009
0.7914 -0.144686
0.7954 -0.066191
0.7994 -0.038322
0.8034 -0.074374
0.8074 -0.083059
0.8114 -0.079321
0.8154 -0.050692
0.8194 -0.086348
0.8234 -0.028314
0.8274 0.011122
0.8314 -0.024168
0.8354 -0.036981
0.8394 0.033791
0.8434 -0.012802
0.8474 -0.007209
0.8514 0.042830
0.8554 0.047442
0.8594 -0.037877
0.8634 0.029092
0.8674 0.034365
0.8714 0.060030
0.8754 0.076973
0.8794 0.100026
0.8834 0.033796
0.8874 0.125201
0.8914 0.081164
0.8953 0.118514
0.8993 0.064587
0.9033 0.075043
0.9073 0.028014
0.9113 0.098512
0.9153 0.061147
0.9193 0.047589
0.9233 0.067092
0.9273 0.037105
0.9313 0.027280
0.9353 0.046379
0.9393 0.061292
0.9433 0.024917
0.9473 0.063785
0.9513 0.024972
0.9553 0.064209
0.9593 0.020459
0.9633 0.075776
0.9673 0.014339
0.9713 -0.010310
0.9753 0.062358
0.9793 -0.040926
0.9833 0.047110
0.9873 0.041444
0.9913 0.015946
0.9953 -0.009319
0.9993 0.000000
1.0033 0.020191
1.0073 0.010332
1.0113 -0.040861
1.0153 0.031483
1.0193 0.028553
1.0233 -0.011456
1.0273 0.022063
1.0312 0.025371
1.0352 0.009497
1.0392 0.016645
1.0432 0.012615
1.0472 0.086476
1.0512 0.073197
1.0552 0.089830
1.0592 0.048796
1.0632 0.065290
1.0672 0.073846
1.0712 0.077699
1.0752 0.079050
1.0792 0.087170
1.0832 0.099698
1.0872 0.092798
1.0912 0.127721
1.0952 0.099546
1.0992 0.179287
1.1032 0.137229
1.1072 0.111097
1.1112 0.146616
1.1152 0.170535
1.1192 0.143177
1.1232 0.150471
1.1272 0.133736
1.1312 0.171205
1.1352 0.133327
1.1392 0.086206
1.1432 0.144482
1.1472 0.160265
1.1512 0.080168
1.1552 0.076275
1.1592 0.133581
1.1632 0.152485
1.1672 0.127889
1.1711 0.124250
1.1751 0.089052
1.1791 0.092588
1.1831 0.091787
1.1871 0.088937
1.1911 0.119067
1.1951 0.072419
1.1991 0.135438
1.2031 0.120201
1.2071 0.087718
1.2111 0.099672
1.2151 0.132630
1.2191 0.107709
1.2231 0.160753
1.2271 0.115367
1.2311 0.086887
1.2351 0.123405
1.2391 0.098952
1.2431 0.100563
1.2471 0.119946
1.2511 0.116272
1.2551 0.096991
1.2591 0.086381
1.2631 0.097036
1.2671 0.112965
1.2711 0.114637
1.2751 0.060086
1.2791 0.138033
1.2831 0.102305
1.2871 0.045958
1.2911 0.090288
1.2951 0.053393
1.2991 0.130930
1.3031 0.055894
1.3071 0.085218
1.3111 0.112550
1.3150 0.092557
1.3190 0.106543
1.3230 0.098464
1.3270 0.097559
1.3310 0.100246
1.3350 0.080134
1.3390 0.055160
1.3430 0.093569
1.3470 0.107159
1.3510 0.041994
1.3550 0.037234
1.3590 0.065186
1.3630 0.096980
1.3670 0.035063
1.3710 0.033250
1.3750 0.054821
1.3790 0.059167
1.3830 0.129463
1.3870 0.117311
1.3910 0.105697
1.3950 0.093264
1.3990 0.152421
1.4030 0.137265
1.4070 0.084806
1.4110 0.100725
1.4150 0.095791
1.4190 0.120057
1.4230 0.114932
1.4270 0.207207
1.4310 0.126968
1.4350 0.187473
1.4390 0.146271
1.4430 0.145328
1.4470 0.163731
1.4509 0.151575
1.4549 0.118836
1.4589 0.090828
1.4629 0.126503
1.4669 0.143116
1.4709 0.132647
1.4749 0.156731
1.4789 0.098185
1.4829 0.137268
1.4869 0.081237
1.4909 0.092293
1.4949 0.102234
1.4989 0.108685
1.5029 0.116524
1.5069 0.098422
1.5109 0.104862
1.5149 0.086510
1.5189 0.099815
1.5229 0.100480
1.5269 0.096933
1.5309 0.006447
1.5349 0.061334
1.5389 0.012089
1.5429 0.051659
1.5469 0.078160
