# Ca -- Cl in GB*
# r0[nm] k[kCal/mol/nm^2]
0.2692 13.344772
0.2732 11.225714
0.2772 10.250432
0.2812 8.798652
0.2852 6.261354
0.2892 4.113862
0.2932 2.638054
0.2972 1.644699
0.3012 1.041338
0.3052 0.647611
0.3092 0.445868
0.3132 0.375682
0.3172 0.425176
0.3212 0.543908
0.3252 0.729527
0.3292 0.895998
0.3332 1.128638
0.3371 1.352308
0.3411 1.542207
0.3451 1.736786
0.3491 1.985452
0.3531 2.170470
0.3571 2.356730
0.3611 2.585734
0.3651 2.715088
0.3691 2.849713
0.3731 2.982605
0.3771 3.117466
0.3811 3.261377
0.3851 3.325396
0.3891 3.369075
0.3931 3.389886
0.3971 3.386398
0.4011 3.348532
0.4051 3.326584
0.4091 3.292919
0.4131 3.144632
0.4171 3.013629
0.4211 2.870935
0.4251 2.666102
0.4291 2.478556
0.4331 2.319913
0.4371 2.152418
0.4411 1.980052
0.4451 1.858177
0.4491 1.696181
0.4531 1.518555
0.4571 1.298422
0.4611 1.137319
0.4650 0.998566
0.4690 0.753293
0.4730 0.582242
0.4770 0.451536
0.4810 0.319950
0.4850 0.184513
0.4890 0.064175
0.4930 -0.018432
0.4970 -0.149342
0.5010 -0.249124
0.5050 -0.283851
0.5090 -0.311604
0.5130 -0.373394
0.5170 -0.417224
0.5210 -0.426605
0.5250 -0.416796
0.5290 -0.459672
0.5330 -0.383078
0.5370 -0.434790
0.5410 -0.440089
0.5450 -0.480472
0.5490 -0.503560
0.5530 -0.470363
0.5570 -0.490805
0.5610 -0.503211
0.5650 -0.487192
0.5690 -0.444985
0.5730 -0.420242
0.5770 -0.368667
0.5810 -0.332937
0.5850 -0.289632
0.5889 -0.255067
0.5929 -0.167890
0.5969 -0.117233
0.6009 -0.071322
0.6049 -0.027461
0.6089 0.023862
0.6129 0.068539
0.6169 0.138215
0.6209 0.203879
0.6249 0.276689
0.6289 0.292982
0.6329 0.284091
0.6369 0.297547
0.6409 0.321647
0.6449 0.323694
0.6489 0.316120
0.6529 0.315769
0.6569 0.310162
0.6609 0.323730
0.6649 0.291960
0.6689 0.264141
0.6729 0.246064
0.6769 0.177071
0.6809 0.144992
0.6849 0.133300
0.6889 0.124489
0.6929 0.111373
0.6969 0.085245
0.7009 0.115748
0.7049 0.081448
0.7089 0.045125
0.7129 0.022454
0.7168 -0.017835
0.7208 -0.005508
0.7248 0.015292
0.7288 -0.047894
0.7328 -0.082042
0.7368 -0.077866
0.7408 -0.095812
0.7448 -0.131571
0.7488 -0.086344
0.7528 -0.078439
0.7568 -0.057795
0.7608 -0.131725
0.7648 -0.095178
0.7688 -0.125905
0.7728 -0.129163
0.7768 -0.204222
0.7808 -0.172258
0.7848 -0.181286
0.7888 -0.180168
0.7928 -0.181915
0.7968 -0.211622
0.8008 -0.231929
0.8048 -0.128562
0.8088 -0.174983
0.8128 -0.137027
0.8168 -0.166303
0.8208 -0.124183
0.8248 -0.097691
0.8288 -0.119997
0.8328 -0.109030
0.8368 -0.098961
0.8407 -0.040687
0.8447 -0.049497
0.8487 -0.003578
0.8527 0.016505
0.8567 0.102389
0.8607 0.017233
0.8647 0.070928
0.8687 0.095165
0.8727 0.180750
0.8767 0.132115
0.8807 0.105870
0.8847 0.154696
0.8887 0.173796
0.8927 0.142199
0.8967 0.114086
0.9007 0.126652
0.9047 0.077722
0.9087 0.172955
0.9127 0.138850
0.9167 0.088886
0.9207 0.028838
0.9247 0.041474
0.9287 0.051685
0.9327 0.016638
0.9367 0.056640
0.9407 0.057296
0.9447 0.021354
0.9487 0.070919
0.9527 0.093034
0.9567 0.031291
0.9607 0.082322
0.9647 0.035632
0.9686 0.080889
0.9726 0.115365
0.9766 0.054226
0.9806 0.009746
0.9846 0.035019
0.9886 -0.053086
0.9926 0.041368
0.9966 0.043168
1.0006 0.000000
1.0046 0.012290
1.0086 0.019096
1.0126 -0.003104
1.0166 -0.007363
1.0206 -0.023452
1.0246 -0.036429
1.0286 0.014082
1.0326 -0.023595
1.0366 0.014367
1.0406 0.033973
1.0446 -0.005114
1.0486 -0.026349
1.0526 0.034170
1.0566 0.000715
1.0606 0.038540
1.0646 0.056361
1.0686 0.054973
1.0726 0.106647
1.0766 0.059531
1.0806 0.048356
1.0846 0.059586
1.0886 0.051528
1.0926 0.127943
1.0965 0.090498
1.1005 0.047589
1.1045 0.060997
1.1085 0.042217
1.1125 0.067449
1.1165 0.051151
1.1205 0.060195
1.1245 0.085696
1.1285 0.019276
1.1325 0.065450
1.1365 0.137707
1.1405 0.115119
1.1445 0.084538
1.1485 0.120584
1.1525 0.069860
1.1565 0.121065
1.1605 0.118522
1.1645 0.157206
1.1685 0.161199
1.1725 0.151139
1.1765 0.216344
1.1805 0.110514
1.1845 0.137631
1.1885 0.150984
1.1925 0.114347
1.1965 0.139821
1.2005 0.095857
1.2045 0.203138
1.2085 0.169782
1.2125 0.127658
1.2165 0.153401
1.2204 0.147339
1.2244 0.179203
1.2284 0.139668
1.2324 0.134468
1.2364 0.150352
1.2404 0.134738
1.2444 0.147011
1.2484 0.141908
1.2524 0.115695
1.2564 0.167273
1.2604 0.139466
1.2644 0.190890
1.2684 0.142051
1.2724 0.240805
1.2764 0.127484
1.2804 0.183090
1.2844 0.135796
1.2884 0.165509
1.2924 0.196421
1.2964 0.218732
1.3004 0.212948
1.3044 0.233256
1.3084 0.227401
1.3124 0.260715
1.3164 0.242560
1.3204 0.232008
1.3244 0.185932
1.3284 0.283407
1.3324 0.248906
1.3364 0.192786
1.3404 0.209756
1.3444 0.218916
1.3483 0.222369
1.3523 0.218818
1.3563 0.140905
1.3603 0.184577
1.3643 0.172732
1.3683 0.175382
1.3723 0.213370
1.3763 0.209536
1.3803 0.237872
1.3843 0.262687
1.3883 0.264326
1.3923 0.206658
1.3963 0.254218
1.4003 0.240170
1.4043 0.203736
1.4083 0.324851
1.4123 0.283997
1.4163 0.253201
1.4203 0.245000
1.4243 0.290073
1.4283 0.268175
1.4323 0.223415
1.4363 0.287015
1.4403 0.268827
1.4443 0.186658
1.4483 0.286172
1.4523 0.232130
1.4563 0.305729
1.4603 0.257088
1.4643 0.319403
1.4683 0.321185
1.4723 0.334376
1.4762 0.311483
1.4802 0.298751
1.4842 0.320160
1.4882 0.317481
1.4922 0.264057
1.4962 0.286824
1.5002 0.304315
1.5042 0.285410
1.5082 0.298126
1.5122 0.253901
1.5162 0.258961
1.5202 0.247891
1.5242 0.281730
1.5282 0.321408
1.5322 0.265091
1.5362 0.263916
1.5402 0.332280
1.5442 0.207564
1.5482 0.284421
