# DMA(O) -- DMA(O) in GB (OBC1)
# r0[nm] k[kCal/mol/nm^2]
0.2416 12.237033
0.2456 10.328904
0.2496 8.778662
0.2536 7.495523
0.2576 6.376704
0.2616 5.457024
0.2656 4.626426
0.2696 3.981268
0.2736 3.357033
0.2776 2.894382
0.2816 2.477567
0.2856 2.138030
0.2896 1.795219
0.2936 1.526480
0.2976 1.299047
0.3016 1.077297
0.3056 0.935987
0.3096 0.767772
0.3136 0.624146
0.3176 0.494971
0.3216 0.407213
0.3256 0.284516
0.3296 0.215290
0.3336 0.152638
0.3376 0.089130
0.3416 0.042096
0.3456 -0.042427
0.3496 -0.109570
0.3536 -0.151702
0.3576 -0.164446
0.3616 -0.203567
0.3656 -0.233855
0.3696 -0.269648
0.3736 -0.300043
0.3776 -0.283880
0.3816 -0.338819
0.3856 -0.342044
0.3896 -0.375818
0.3936 -0.365408
0.3976 -0.370874
0.4016 -0.413910
0.4056 -0.422756
0.4096 -0.387958
0.4136 -0.468780
0.4176 -0.440773
0.4216 -0.486854
0.4256 -0.448313
0.4296 -0.490421
0.4336 -0.488099
0.4376 -0.488640
0.4416 -0.516488
0.4456 -0.498386
0.4496 -0.511178
0.4536 -0.517693
0.4576 -0.506771
0.4616 -0.525601
0.4656 -0.533758
0.4696 -0.542082
0.4736 -0.559736
0.4776 -0.531841
0.4816 -0.555293
0.4856 -0.574406
0.4896 -0.542102
0.4936 -0.592035
0.4976 -0.562284
0.5016 -0.620619
0.5056 -0.617508
0.5096 -0.586240
0.5136 -0.597239
0.5176 -0.592553
0.5216 -0.629413
0.5256 -0.609017
0.5296 -0.604420
0.5336 -0.640092
0.5376 -0.655738
0.5416 -0.634428
0.5456 -0.637847
0.5496 -0.644972
0.5536 -0.645402
0.5576 -0.671552
0.5616 -0.674926
0.5655 -0.661117
0.5695 -0.681864
0.5735 -0.687929
0.5775 -0.675803
0.5815 -0.691610
0.5855 -0.697876
0.5895 -0.724865
0.5935 -0.726095
0.5975 -0.723743
0.6015 -0.668732
0.6055 -0.724023
0.6095 -0.702625
0.6135 -0.703178
0.6175 -0.688740
0.6215 -0.698240
0.6255 -0.688777
0.6295 -0.659566
0.6335 -0.683558
0.6375 -0.695113
0.6415 -0.652004
0.6455 -0.688550
0.6495 -0.683373
0.6535 -0.647564
0.6575 -0.651022
0.6615 -0.675034
0.6655 -0.640798
0.6695 -0.648388
0.6735 -0.691701
0.6775 -0.671990
0.6815 -0.608441
0.6855 -0.641451
0.6895 -0.653379
0.6935 -0.663560
0.6975 -0.643698
0.7015 -0.624059
0.7055 -0.605436
0.7095 -0.592065
0.7135 -0.588468
0.7175 -0.586027
0.7215 -0.568899
0.7255 -0.608081
0.7295 -0.544269
0.7335 -0.561539
0.7375 -0.539986
0.7415 -0.547245
0.7455 -0.556105
0.7495 -0.507024
0.7535 -0.477288
0.7575 -0.539779
0.7615 -0.483994
0.7655 -0.475558
0.7695 -0.456380
0.7735 -0.481989
0.7775 -0.487643
0.7815 -0.467439
0.7855 -0.451164
0.7895 -0.471799
0.7935 -0.466716
0.7975 -0.486058
0.8015 -0.384705
0.8055 -0.391374
0.8095 -0.424913
0.8135 -0.434844
0.8175 -0.434233
0.8215 -0.369332
0.8255 -0.367877
0.8295 -0.402260
0.8335 -0.309825
0.8375 -0.332772
0.8415 -0.313621
0.8455 -0.347184
0.8495 -0.324194
0.8535 -0.288504
0.8575 -0.297005
0.8615 -0.289150
0.8655 -0.302406
0.8695 -0.291016
0.8735 -0.307660
0.8775 -0.290791
0.8815 -0.280138
0.8855 -0.334130
0.8895 -0.317743
0.8935 -0.299991
0.8975 -0.256325
0.9015 -0.266649
0.9055 -0.285667
0.9095 -0.304584
0.9135 -0.246877
0.9175 -0.279272
0.9215 -0.272650
0.9255 -0.262486
0.9295 -0.242762
0.9334 -0.286723
0.9374 -0.276121
0.9414 -0.194942
0.9454 -0.218334
0.9494 -0.240084
0.9534 -0.161405
0.9574 -0.149387
0.9614 -0.233865
0.9654 -0.165028
0.9694 -0.135218
0.9734 -0.141694
0.9774 -0.170594
0.9814 -0.140579
0.9854 -0.128297
0.9894 -0.143972
0.9934 -0.126097
0.9974 -0.093302
1.0014 -0.146189
1.0054 -0.118100
1.0094 -0.050783
1.0134 -0.081667
1.0174 -0.123615
1.0214 -0.092305
1.0254 -0.097900
1.0294 -0.174269
1.0334 -0.064036
1.0374 -0.153599
1.0414 -0.056422
1.0454 -0.033918
1.0494 -0.066925
1.0534 -0.080453
1.0574 -0.115991
1.0614 -0.058162
1.0654 -0.085253
1.0694 -0.043553
1.0734 -0.041130
1.0774 -0.012666
1.0814 -0.051372
1.0854 -0.059103
1.0894 -0.045857
1.0934 -0.032554
1.0974 -0.030065
1.1014 -0.028708
1.1054 -0.086907
1.1094 -0.060842
1.1134 -0.017126
1.1174 0.020310
1.1214 0.032748
1.1254 -0.007416
1.1294 -0.024135
1.1334 -0.053046
1.1374 -0.015834
1.1414 -0.013414
1.1454 -0.032175
1.1494 0.020132
1.1534 0.002791
1.1574 -0.024758
1.1614 -0.051244
1.1654 0.005535
1.1694 0.018341
1.1734 -0.021308
1.1774 0.000495
1.1814 -0.005056
1.1854 -0.013914
1.1894 -0.029415
1.1934 -0.018087
1.1974 -0.026570
1.2014 0.000000
1.2054 -0.003140
1.2094 -0.007585
1.2134 0.035790
1.2174 -0.058065
1.2214 0.031687
1.2254 0.008920
1.2294 -0.036876
1.2334 -0.023345
1.2374 0.002227
1.2414 -0.000580
1.2454 0.027998
1.2494 0.024668
1.2534 -0.011054
1.2574 -0.021051
1.2614 -0.013566
1.2654 -0.011655
1.2694 0.038871
1.2734 0.000649
1.2774 0.029242
1.2814 -0.009793
1.2854 -0.006048
1.2894 0.046391
1.2934 0.009296
1.2974 0.017710
1.3013 0.003432
1.3053 -0.014943
1.3093 -0.005264
1.3133 0.025080
1.3173 -0.012591
1.3213 -0.014752
1.3253 0.019352
1.3293 0.025166
1.3333 0.019913
1.3373 0.003987
1.3413 0.030471
1.3453 -0.041796
1.3493 0.006304
1.3533 0.036942
1.3573 0.030711
1.3613 0.000276
1.3653 -0.004912
1.3693 -0.016041
1.3733 0.027249
1.3773 -0.001285
1.3813 0.038417
1.3853 0.030517
1.3893 -0.022158
1.3933 -0.016523
1.3973 -0.014344
1.4013 -0.018064
1.4053 0.009801
1.4093 0.000889
1.4133 -0.010256
1.4173 -0.009507
1.4213 0.019063
1.4253 -0.033824
1.4293 -0.024599
1.4333 0.026842
1.4373 0.042066
1.4413 0.010871
1.4453 -0.029307
1.4493 0.008766
1.4533 0.010555
1.4573 0.014846
1.4613 0.016863
1.4653 -0.008651
1.4693 -0.038620
1.4733 0.025112
1.4773 -0.006615
1.4813 -0.032420
1.4853 -0.008692
1.4893 -0.046030
1.4933 -0.000663
1.4973 0.029419
1.5013 0.072139
1.5053 -0.032485
1.5093 0.037524
1.5133 -0.077483
1.5173 0.027409
1.5213 -0.061508
1.5253 -0.017842
1.5293 0.002015
1.5333 0.021342
1.5373 0.013686
1.5413 -0.069104
1.5453 -0.006615
1.5493 -0.024890
