# DMA(O) -- DMA(O) in MM (Tip3p)
# r0[nm] k[kCal/mol/nm^2]
0.2430 11.069734
0.2470 9.464799
0.2510 8.053328
0.2550 6.884167
0.2590 5.922840
0.2630 5.123682
0.2670 4.445904
0.2710 3.821470
0.2750 3.354990
0.2790 2.932109
0.2830 2.560278
0.2870 2.247526
0.2910 1.953774
0.2950 1.725680
0.2990 1.482752
0.3030 1.334247
0.3070 1.171135
0.3110 1.026868
0.3150 0.882576
0.3190 0.802488
0.3230 0.682347
0.3270 0.584824
0.3310 0.479249
0.3350 0.436172
0.3390 0.383820
0.3430 0.302510
0.3470 0.278817
0.3510 0.206227
0.3550 0.215790
0.3590 0.105217
0.3630 0.106444
0.3670 0.102957
0.3710 0.057756
0.3750 0.011293
0.3790 0.022785
0.3830 -0.006301
0.3870 -0.034276
0.3910 -0.020344
0.3950 -0.071144
0.3990 -0.048855
0.4030 -0.057790
0.4070 -0.056592
0.4110 -0.070035
0.4150 -0.069168
0.4190 -0.059244
0.4230 -0.070232
0.4270 -0.087721
0.4310 -0.081757
0.4350 -0.091036
0.4390 -0.098630
0.4430 -0.125669
0.4470 -0.093513
0.4510 -0.133316
0.4550 -0.128743
0.4590 -0.130127
0.4630 -0.125409
0.4670 -0.157285
0.4710 -0.118014
0.4750 -0.098793
0.4790 -0.142854
0.4830 -0.080512
0.4870 -0.120030
0.4910 -0.123864
0.4950 -0.105120
0.4990 -0.141951
0.5030 -0.137943
0.5070 -0.123766
0.5110 -0.125363
0.5150 -0.104312
0.5190 -0.129542
0.5230 -0.162210
0.5270 -0.146178
0.5310 -0.205059
0.5350 -0.179785
0.5390 -0.198051
0.5430 -0.180753
0.5470 -0.190346
0.5510 -0.164119
0.5550 -0.244012
0.5590 -0.185229
0.5630 -0.204743
0.5670 -0.164010
0.5710 -0.184442
0.5750 -0.211078
0.5790 -0.241144
0.5830 -0.263828
0.5870 -0.216213
0.5910 -0.213935
0.5950 -0.214818
0.5990 -0.221140
0.6030 -0.211909
0.6070 -0.208756
0.6110 -0.221992
0.6150 -0.211446
0.6190 -0.187611
0.6230 -0.189678
0.6270 -0.169563
0.6310 -0.143666
0.6350 -0.141808
0.6390 -0.181263
0.6430 -0.160879
0.6470 -0.149683
0.6510 -0.150506
0.6550 -0.185665
0.6590 -0.152801
0.6630 -0.105771
0.6670 -0.154480
0.6710 -0.130343
0.6750 -0.090052
0.6790 -0.126765
0.6830 -0.055506
0.6870 -0.086134
0.6910 -0.093453
0.6950 -0.068470
0.6990 -0.059984
0.7030 -0.051153
0.7070 -0.045256
0.7110 -0.021710
0.7150 -0.005326
0.7190 0.003395
0.7230 -0.032900
0.7270 0.000355
0.7310 -0.012543
0.7351 0.021764
0.7391 -0.000222
0.7431 0.056761
0.7471 0.042079
0.7511 -0.003497
0.7551 0.038535
0.7591 -0.007193
0.7631 0.018733
0.7671 0.024372
0.7711 0.047209
0.7751 0.042602
0.7791 0.013029
0.7831 -0.004915
0.7871 0.057381
0.7911 0.024928
0.7951 -0.029304
0.7991 -0.026680
0.8031 -0.017587
0.8071 -0.018482
0.8111 0.030179
0.8151 -0.012600
0.8191 -0.002075
0.8231 -0.024774
0.8271 0.038037
0.8311 -0.050532
0.8351 0.004354
0.8391 0.003885
0.8431 0.020766
0.8471 0.018775
0.8511 -0.019140
0.8551 0.032480
0.8591 -0.022569
0.8631 -0.010737
0.8671 0.033378
0.8711 0.001250
0.8751 0.002245
0.8791 0.000940
0.8831 -0.036898
0.8871 -0.018964
0.8911 0.013791
0.8951 0.011550
0.8991 0.003719
0.9031 -0.019593
0.9071 -0.013864
0.9111 -0.037871
0.9151 -0.023138
0.9191 -0.009310
0.9231 0.054926
0.9271 0.049910
0.9311 0.107865
0.9351 0.063367
0.9391 0.055912
0.9431 0.034371
0.9471 0.003673
0.9511 0.043137
0.9551 0.045439
0.9591 0.026283
0.9631 0.068036
0.9671 0.076304
0.9711 0.085490
0.9751 0.075591
0.9791 0.138383
0.9831 0.080498
0.9871 0.018635
0.9911 0.072842
0.9951 0.050692
0.9991 0.021036
1.0031 0.039723
1.0071 0.069759
1.0111 -0.001718
1.0151 0.042297
1.0191 0.096619
1.0231 0.043854
1.0271 0.022442
1.0311 0.016518
1.0351 0.012898
1.0391 0.013733
1.0431 0.058635
1.0471 0.068051
1.0511 0.036431
1.0551 0.021340
1.0591 0.043534
1.0631 0.026199
1.0671 0.009541
1.0711 0.030979
1.0751 -0.002929
1.0791 0.009987
1.0831 -0.017388
1.0871 0.037875
1.0911 -0.008274
1.0951 -0.031663
1.0991 0.021648
1.1031 0.050819
1.1071 0.002067
1.1111 -0.009443
1.1151 -0.002415
1.1191 -0.014935
1.1231 0.024842
1.1271 0.081842
1.1311 0.028062
1.1351 0.012236
1.1391 -0.013338
1.1431 0.006557
1.1471 -0.010341
1.1511 -0.007407
1.1551 0.025061
1.1591 0.001966
1.1631 0.048301
1.1671 0.028871
1.1711 0.053926
1.1751 0.030691
1.1791 -0.012147
1.1831 -0.006761
1.1871 -0.005610
1.1911 0.017841
1.1951 0.014654
1.1991 0.000000
1.2031 0.006095
1.2071 0.006420
1.2111 0.017190
1.2151 0.039010
1.2191 0.027769
1.2231 0.046685
1.2271 0.043033
1.2311 0.062602
1.2351 0.038466
1.2391 0.007416
1.2431 0.092094
1.2471 0.060161
1.2511 0.031005
1.2551 0.056051
1.2591 0.048097
1.2631 0.077525
1.2671 0.036280
1.2711 0.058990
1.2751 0.070025
1.2791 0.056734
1.2831 0.068123
1.2871 0.106910
1.2911 0.067066
1.2951 0.075270
1.2991 0.081102
1.3031 0.097106
1.3071 0.075838
1.3111 0.091838
1.3151 0.017441
1.3191 0.038534
1.3231 0.042577
1.3271 0.057030
1.3311 0.036275
1.3351 0.073326
1.3391 0.091264
1.3431 0.029664
1.3471 0.031804
1.3511 0.011666
1.3551 0.092305
1.3591 0.052242
1.3631 0.066899
1.3671 0.054009
1.3712 0.031132
1.3752 0.015931
1.3792 0.018981
1.3832 0.055714
1.3872 0.067908
1.3912 0.078049
1.3952 0.054643
1.3992 0.096229
1.4032 0.035909
1.4072 0.091564
1.4112 0.063838
1.4152 0.024137
1.4192 0.070028
1.4232 0.082331
1.4272 0.138283
1.4312 0.115351
1.4352 0.060063
1.4392 0.095713
1.4432 0.078542
1.4472 0.093447
1.4512 0.103471
1.4552 0.035953
1.4592 0.079405
1.4632 0.091453
1.4672 0.077221
1.4712 0.125170
1.4752 0.073567
1.4792 0.104394
1.4832 0.090054
1.4872 0.079176
1.4912 0.136322
1.4952 0.092765
1.4992 0.084957
1.5032 0.080937
1.5072 0.052360
1.5112 0.025071
1.5152 0.067219
1.5192 0.065777
1.5232 0.061799
1.5272 0.060030
1.5312 0.083542
1.5352 0.020766
1.5392 0.014639
1.5432 0.039147
1.5472 0.090982
