# Acetate(C2) -- Na in MM*
# r0[nm] k[kCal/mol/nm^2]
0.2204 9.265031
0.2244 7.469456
0.2284 6.359106
0.2324 5.656150
0.2364 5.045355
0.2404 4.463968
0.2444 3.938632
0.2484 3.320739
0.2524 2.791360
0.2564 2.220914
0.2604 1.652544
0.2644 1.062247
0.2684 0.557758
0.2724 0.066462
0.2763 -0.349467
0.2803 -0.613525
0.2843 -0.809219
0.2883 -0.955145
0.2923 -1.055766
0.2963 -1.222377
0.3003 -1.303761
0.3043 -1.460016
0.3083 -1.545825
0.3123 -1.658904
0.3163 -1.725833
0.3203 -1.830166
0.3243 -1.916981
0.3283 -1.957416
0.3323 -1.983331
0.3363 -1.979319
0.3403 -1.939609
0.3443 -1.814693
0.3483 -1.710925
0.3523 -1.542474
0.3563 -1.321105
0.3603 -1.171433
0.3643 -0.950289
0.3683 -0.721519
0.3723 -0.479304
0.3763 -0.292108
0.3803 -0.112148
0.3843 0.080153
0.3883 0.231744
0.3923 0.339958
0.3963 0.398358
0.4003 0.425426
0.4043 0.419222
0.4083 0.415127
0.4123 0.358692
0.4163 0.273625
0.4203 0.217688
0.4243 0.097615
0.4283 0.029316
0.4323 -0.039145
0.4363 -0.120489
0.4403 -0.192723
0.4443 -0.251155
0.4483 -0.278682
0.4523 -0.333907
0.4562 -0.382805
0.4602 -0.434024
0.4642 -0.430480
0.4682 -0.441080
0.4722 -0.431608
0.4762 -0.449982
0.4802 -0.434412
0.4842 -0.447518
0.4882 -0.409293
0.4922 -0.430311
0.4962 -0.421172
0.5002 -0.389253
0.5042 -0.387722
0.5082 -0.386963
0.5122 -0.376289
0.5162 -0.379664
0.5202 -0.412859
0.5242 -0.386347
0.5282 -0.390062
0.5322 -0.428475
0.5362 -0.414537
0.5402 -0.426573
0.5442 -0.401772
0.5482 -0.421868
0.5522 -0.402808
0.5562 -0.390465
0.5602 -0.391076
0.5642 -0.327716
0.5682 -0.352601
0.5722 -0.285084
0.5762 -0.263934
0.5802 -0.285056
0.5842 -0.226645
0.5882 -0.168137
0.5922 -0.185653
0.5962 -0.143681
0.6002 -0.118056
0.6042 -0.114362
0.6082 -0.060067
0.6122 -0.052882
0.6162 -0.031330
0.6202 0.015530
0.6242 -0.009675
0.6282 0.002512
0.6322 -0.011413
0.6361 -0.006057
0.6401 -0.023967
0.6441 -0.034311
0.6481 -0.008318
0.6521 -0.054508
0.6561 -0.033280
0.6601 -0.063538
0.6641 -0.012392
0.6681 -0.086490
0.6721 -0.063123
0.6761 -0.060567
0.6801 -0.057492
0.6841 -0.107271
0.6881 -0.099023
0.6921 -0.105376
0.6961 -0.079386
0.7001 -0.112660
0.7041 -0.158049
0.7081 -0.107111
0.7121 -0.135228
0.7161 -0.146264
0.7201 -0.147283
0.7241 -0.144630
0.7281 -0.153748
0.7321 -0.179035
0.7361 -0.124827
0.7401 -0.138914
0.7441 -0.154481
0.7481 -0.173014
0.7521 -0.149499
0.7561 -0.166144
0.7601 -0.146909
0.7641 -0.190969
0.7681 -0.153112
0.7721 -0.173375
0.7761 -0.154919
0.7801 -0.144410
0.7841 -0.165945
0.7881 -0.062057
0.7921 -0.132811
0.7961 -0.101708
0.8001 -0.067650
0.8041 -0.113522
0.8081 -0.142793
0.8121 -0.084883
0.8160 -0.046959
0.8200 -0.123687
0.8240 -0.073929
0.8280 -0.017171
0.8320 -0.059751
0.8360 -0.053916
0.8400 -0.042010
0.8440 -0.022274
0.8480 -0.092073
0.8520 -0.024546
0.8560 -0.048103
0.8600 -0.060338
0.8640 -0.017695
0.8680 -0.007987
0.8720 -0.089452
0.8760 -0.007172
0.8800 -0.049717
0.8840 -0.055086
0.8880 -0.066730
0.8920 -0.036715
0.8960 -0.057640
0.9000 -0.038393
0.9040 -0.103164
0.9080 -0.075858
0.9120 -0.086270
0.9160 -0.072272
0.9200 -0.051912
0.9240 -0.094737
0.9280 -0.094082
0.9320 -0.072438
0.9360 -0.095237
0.9400 -0.058828
0.9440 -0.108534
0.9480 -0.060319
0.9520 -0.016910
0.9560 -0.049231
0.9600 -0.053315
0.9640 -0.095151
0.9680 -0.069758
0.9720 -0.106665
0.9760 -0.073283
0.9800 -0.091313
0.9840 -0.107514
0.9880 -0.135505
0.9920 -0.098830
0.9959 -0.107151
0.9999 -0.165466
1.0039 -0.128918
1.0079 -0.090943
1.0119 -0.114285
1.0159 -0.082135
1.0199 -0.122665
1.0239 -0.164413
1.0279 -0.108132
1.0319 -0.091097
1.0359 -0.142599
1.0399 -0.131726
1.0439 -0.098506
1.0479 -0.111546
1.0519 -0.110353
1.0559 -0.124788
1.0599 -0.054303
1.0639 -0.082816
1.0679 -0.068517
1.0719 -0.072152
1.0759 -0.078128
1.0799 -0.074808
1.0839 -0.030293
1.0879 -0.054645
1.0919 -0.047141
1.0959 -0.038382
1.0999 0.003746
1.1039 -0.047284
1.1079 -0.098083
1.1119 -0.088362
1.1159 -0.029621
1.1199 -0.050608
1.1239 -0.045640
1.1279 -0.072971
1.1319 -0.004637
1.1359 0.012813
1.1399 -0.027978
1.1439 -0.043067
1.1479 -0.007257
1.1519 -0.016857
1.1559 -0.029945
1.1599 -0.005438
1.1639 -0.008761
1.1679 0.010649
1.1719 -0.004444
1.1758 0.001036
1.1798 -0.005628
1.1838 0.009580
1.1878 0.004065
1.1918 0.010714
1.1958 0.028513
1.1998 0.000000
1.2038 -0.012394
1.2078 -0.015544
1.2118 0.024971
1.2158 0.013813
1.2198 -0.068526
1.2238 -0.031272
1.2278 -0.038799
1.2318 -0.003886
1.2358 -0.004221
1.2398 -0.022480
1.2438 -0.087509
1.2478 0.004535
1.2518 -0.015175
1.2558 -0.021208
1.2598 -0.025718
1.2638 -0.028688
1.2678 -0.010086
1.2718 -0.083501
1.2758 -0.001906
1.2798 0.021389
1.2838 -0.046668
1.2878 0.008094
1.2918 0.006324
1.2958 0.000950
1.2998 -0.039183
1.3038 -0.019841
1.3078 0.011099
1.3118 0.003562
1.3158 0.011637
1.3198 0.016975
1.3238 0.026933
1.3278 0.031573
1.3318 0.009740
1.3358 -0.028955
1.3398 -0.000407
1.3438 0.043906
1.3478 -0.019451
1.3518 -0.039445
1.3557 0.001077
1.3597 -0.006668
1.3637 -0.034222
1.3677 -0.004438
1.3717 -0.062508
1.3757 0.000342
1.3797 0.027460
1.3837 -0.051069
1.3877 -0.051696
1.3917 -0.050895
1.3957 0.004919
1.3997 -0.030681
1.4037 -0.023755
1.4077 -0.021388
1.4117 -0.017740
1.4157 -0.019714
1.4197 0.045634
1.4237 -0.028552
1.4277 -0.010269
1.4317 -0.013896
1.4357 0.011666
1.4397 0.031637
1.4437 0.014580
1.4477 0.038693
1.4517 0.018307
1.4557 0.031995
1.4597 0.032137
1.4637 0.028508
1.4677 0.017509
1.4717 0.049371
1.4757 0.061526
1.4797 0.033631
1.4837 0.030564
1.4877 0.030646
1.4917 0.036567
1.4957 0.014789
1.4997 -0.000529
1.5037 -0.044215
1.5077 -0.034726
1.5117 -0.027146
1.5157 -0.025172
1.5197 -0.055349
1.5237 0.002060
1.5277 -0.033121
1.5316 -0.076426
1.5356 -0.028398
1.5396 -0.015780
1.5436 -0.022058
1.5476 -0.085093
