# Acetate(C2) -- Na in GB*
# r0[nm] k[kCal/mol/nm^2]
0.2180 10.369439
0.2220 8.482374
0.2260 7.028966
0.2300 5.808078
0.2340 4.582878
0.2380 3.389740
0.2420 2.344431
0.2460 1.459457
0.2501 0.696874
0.2541 0.060810
0.2581 -0.464642
0.2621 -0.821610
0.2661 -1.032520
0.2701 -1.123407
0.2741 -1.137441
0.2781 -1.051816
0.2821 -0.956300
0.2861 -0.829169
0.2901 -0.687851
0.2941 -0.566746
0.2981 -0.531878
0.3021 -0.469544
0.3061 -0.480399
0.3101 -0.453219
0.3141 -0.460250
0.3181 -0.456499
0.3221 -0.486190
0.3261 -0.483310
0.3301 -0.464100
0.3341 -0.436274
0.3381 -0.313351
0.3421 -0.217197
0.3462 -0.138794
0.3502 0.018634
0.3542 0.164690
0.3582 0.420202
0.3622 0.591245
0.3662 0.765172
0.3702 0.999499
0.3742 1.104834
0.3782 1.152600
0.3822 1.211988
0.3862 1.274139
0.3902 1.274870
0.3942 1.262270
0.3982 1.213906
0.4022 1.173546
0.4062 1.069806
0.4102 0.989395
0.4142 0.859965
0.4182 0.743056
0.4222 0.631063
0.4262 0.524063
0.4302 0.479949
0.4342 0.346371
0.4382 0.295397
0.4423 0.219395
0.4463 0.127643
0.4503 0.043360
0.4543 0.048689
0.4583 -0.040455
0.4623 -0.046746
0.4663 -0.084908
0.4703 -0.154059
0.4743 -0.168588
0.4783 -0.172234
0.4823 -0.229917
0.4863 -0.235780
0.4903 -0.262500
0.4943 -0.248939
0.4983 -0.272378
0.5023 -0.292281
0.5063 -0.270830
0.5103 -0.334800
0.5143 -0.395046
0.5183 -0.366066
0.5223 -0.389354
0.5263 -0.381964
0.5303 -0.353466
0.5343 -0.382201
0.5383 -0.364269
0.5424 -0.354807
0.5464 -0.364892
0.5504 -0.324899
0.5544 -0.325025
0.5584 -0.286976
0.5624 -0.252016
0.5664 -0.302400
0.5704 -0.256995
0.5744 -0.262867
0.5784 -0.241719
0.5824 -0.202017
0.5864 -0.188889
0.5904 -0.172575
0.5944 -0.173779
0.5984 -0.149691
0.6024 -0.144790
0.6064 -0.115565
0.6104 -0.048785
0.6144 -0.018658
0.6184 0.041638
0.6224 0.015992
0.6264 0.077949
0.6304 0.064513
0.6344 0.059936
0.6385 0.041946
0.6425 -0.004843
0.6465 0.062782
0.6505 0.014729
0.6545 0.008660
0.6585 -0.001605
0.6625 0.008314
0.6665 0.009765
0.6705 0.035245
0.6745 0.079969
0.6785 0.099843
0.6825 0.059558
0.6865 0.002688
0.6905 0.008175
0.6945 -0.060935
0.6985 -0.078590
0.7025 -0.141442
0.7065 -0.116162
0.7105 -0.085730
0.7145 -0.064054
0.7185 -0.037811
0.7225 -0.070351
0.7265 -0.087534
0.7306 -0.085975
0.7346 -0.101911
0.7386 -0.108329
0.7426 -0.125654
0.7466 -0.073625
0.7506 -0.087614
0.7546 -0.075723
0.7586 -0.085999
0.7626 -0.044925
0.7666 -0.016514
0.7706 -0.015853
0.7746 -0.010475
0.7786 -0.008347
0.7826 -0.040181
0.7866 -0.026741
0.7906 -0.012753
0.7946 -0.005740
0.7986 0.002227
0.8026 0.039395
0.8066 0.046358
0.8106 0.043521
0.8146 0.066314
0.8186 -0.007528
0.8226 0.058163
0.8266 0.073745
0.8307 0.046761
0.8347 0.068528
0.8387 0.039604
0.8427 0.027384
0.8467 0.033087
0.8507 0.057295
0.8547 0.018420
0.8587 0.060545
0.8627 0.032876
0.8667 0.078430
0.8707 0.070681
0.8747 0.065434
0.8787 0.081007
0.8827 0.055780
0.8867 0.045378
0.8907 0.058646
0.8947 0.048090
0.8987 0.022972
0.9027 0.076907
0.9067 -0.013850
0.9107 0.009007
0.9147 0.019291
0.9187 0.011894
0.9227 0.048549
0.9268 0.096181
0.9308 0.051539
0.9348 0.078241
0.9388 0.036605
0.9428 0.091974
0.9468 0.107987
0.9508 0.084183
0.9548 0.045251
0.9588 0.092970
0.9628 0.057570
0.9668 0.105179
0.9708 0.102043
0.9748 0.136758
0.9788 0.106361
0.9828 0.062249
0.9868 0.116891
0.9908 0.062691
0.9948 0.085066
0.9988 0.069381
1.0028 0.043525
1.0068 0.111247
1.0108 0.055771
1.0148 0.066929
1.0188 0.117982
1.0229 0.109975
1.0269 0.092141
1.0309 0.109380
1.0349 0.027942
1.0389 0.034991
1.0429 0.041843
1.0469 0.022243
1.0509 0.074254
1.0549 0.062683
1.0589 0.104705
1.0629 0.063883
1.0669 0.061001
1.0709 0.050902
1.0749 0.020923
1.0789 0.057228
1.0829 0.052751
1.0869 0.066728
1.0909 0.006395
1.0949 0.026230
1.0989 0.007413
1.1029 0.051605
1.1069 -0.017949
1.1109 -0.047831
1.1149 -0.028949
1.1190 -0.055760
1.1230 -0.068876
1.1270 0.007062
1.1310 0.016909
1.1350 -0.006441
1.1390 -0.002020
1.1430 -0.039627
1.1470 -0.004971
1.1510 -0.004315
1.1550 0.055531
1.1590 0.024516
1.1630 0.021125
1.1670 -0.035892
1.1710 -0.018054
1.1750 0.012187
1.1790 0.041587
1.1830 0.079374
1.1870 0.025291
1.1910 0.016831
1.1950 0.051881
1.1990 0.000000
1.2030 -0.040292
1.2070 -0.007968
1.2110 0.029880
1.2151 -0.010508
1.2191 0.001947
1.2231 -0.023858
1.2271 -0.030505
1.2311 -0.051074
1.2351 -0.034967
1.2391 -0.026294
1.2431 -0.013999
1.2471 0.016486
1.2511 -0.006199
1.2551 0.011604
1.2591 0.032623
1.2631 -0.048515
1.2671 0.031599
1.2711 0.019201
1.2751 0.072466
1.2791 0.047483
1.2831 0.019748
1.2871 0.074263
1.2911 0.047242
1.2951 0.021368
1.2991 -0.007849
1.3031 0.047329
1.3071 0.002142
1.3112 0.021882
1.3152 0.006772
1.3192 -0.012485
1.3232 0.062582
1.3272 0.032655
1.3312 0.066296
1.3352 0.001297
1.3392 0.009948
1.3432 0.047393
1.3472 0.047218
1.3512 0.024521
1.3552 0.019740
1.3592 0.046524
1.3632 0.051902
1.3672 0.035367
1.3712 0.103001
1.3752 0.036653
1.3792 0.068405
1.3832 0.027651
1.3872 0.009744
1.3912 0.038106
1.3952 0.021169
1.3992 0.054754
1.4032 0.076086
1.4073 0.026649
1.4113 -0.000521
1.4153 0.031398
1.4193 0.026952
1.4233 0.040267
1.4273 0.051637
1.4313 0.033342
1.4353 0.048202
1.4393 0.098618
1.4433 0.023205
1.4473 0.053818
1.4513 0.028902
1.4553 0.045219
1.4593 0.078245
1.4633 0.020937
1.4673 0.085131
1.4713 0.025226
1.4753 0.038456
1.4793 0.050637
1.4833 0.066544
1.4873 0.048357
1.4913 0.032949
1.4953 0.042273
1.4993 0.024978
1.5034 0.063269
1.5074 0.037708
1.5114 0.039822
1.5154 0.042050
1.5194 0.030342
1.5234 0.039442
1.5274 0.016442
1.5314 0.037902
1.5354 0.067457
1.5394 0.042649
1.5434 0.088823
1.5474 0.054117
