# DMA(O) -- Cl in GB*
# r0[nm] k[kCal/mol/nm^2]
0.2828 18.618285
0.2868 16.217116
0.2908 14.233218
0.2948 12.614439
0.2988 11.159118
0.3028 9.948510
0.3068 8.875345
0.3108 7.949038
0.3148 7.167821
0.3188 6.464039
0.3227 5.858139
0.3267 5.314405
0.3307 4.817256
0.3347 4.382684
0.3387 3.990283
0.3427 3.641302
0.3467 3.319881
0.3507 3.015868
0.3547 2.753460
0.3587 2.557599
0.3627 2.325777
0.3667 2.126864
0.3707 1.969201
0.3747 1.771995
0.3787 1.598629
0.3827 1.442413
0.3867 1.309082
0.3907 1.171251
0.3947 1.043677
0.3987 0.970544
0.4027 0.904472
0.4067 0.798514
0.4107 0.741497
0.4147 0.672577
0.4187 0.611944
0.4227 0.532634
0.4267 0.511163
0.4307 0.442354
0.4347 0.497074
0.4387 0.383243
0.4427 0.385677
0.4467 0.385095
0.4507 0.309532
0.4547 0.291919
0.4587 0.314177
0.4627 0.293604
0.4667 0.259613
0.4707 0.270623
0.4747 0.275893
0.4786 0.272127
0.4826 0.310542
0.4866 0.323786
0.4906 0.312997
0.4946 0.311886
0.4986 0.285833
0.5026 0.338574
0.5066 0.361301
0.5106 0.377078
0.5146 0.410712
0.5186 0.440129
0.5226 0.444541
0.5266 0.447215
0.5306 0.446016
0.5346 0.422332
0.5386 0.459806
0.5426 0.449667
0.5466 0.435123
0.5506 0.431730
0.5546 0.410366
0.5586 0.412838
0.5626 0.409450
0.5666 0.434045
0.5706 0.417532
0.5746 0.391377
0.5786 0.368563
0.5826 0.397570
0.5866 0.377021
0.5906 0.401068
0.5946 0.336216
0.5986 0.355517
0.6026 0.361157
0.6066 0.367109
0.6106 0.316534
0.6146 0.301626
0.6186 0.276565
0.6226 0.229799
0.6266 0.249888
0.6305 0.212247
0.6345 0.187229
0.6385 0.142103
0.6425 0.162678
0.6465 0.141861
0.6505 0.197166
0.6545 0.173635
0.6585 0.143707
0.6625 0.125623
0.6665 0.183620
0.6705 0.138111
0.6745 0.142981
0.6785 0.114329
0.6825 0.121337
0.6865 0.065217
0.6905 0.122830
0.6945 0.093020
0.6985 0.086883
0.7025 0.118915
0.7065 0.060610
0.7105 0.019873
0.7145 0.006303
0.7185 0.064372
0.7225 0.031860
0.7265 0.033273
0.7305 0.024975
0.7345 0.079826
0.7385 0.058044
0.7425 0.066779
0.7465 0.100486
0.7505 0.075840
0.7545 0.046410
0.7585 0.056602
0.7625 0.048109
0.7665 0.054645
0.7705 0.033934
0.7745 0.089672
0.7785 0.048249
0.7824 0.050595
0.7864 0.058916
0.7904 0.037276
0.7944 0.031783
0.7984 -0.007704
0.8024 0.009649
0.8064 0.054427
0.8104 0.044322
0.8144 0.054989
0.8184 0.082356
0.8224 0.032942
0.8264 0.006300
0.8304 0.053538
0.8344 0.048516
0.8384 0.070027
0.8424 0.143149
0.8464 0.083349
0.8504 0.022552
0.8544 0.051750
0.8584 0.084889
0.8624 0.037962
0.8664 0.065428
0.8704 0.090488
0.8744 0.040345
0.8784 0.050596
0.8824 0.003908
0.8864 0.001544
0.8904 -0.026495
0.8944 0.042126
0.8984 0.020292
0.9024 0.050700
0.9064 0.048534
0.9104 0.002064
0.9144 0.016728
0.9184 -0.007266
0.9224 -0.000990
0.9264 -0.000556
0.9304 -0.026544
0.9343 -0.034010
0.9383 -0.018812
0.9423 0.022376
0.9463 -0.011176
0.9503 0.024938
0.9543 0.022596
0.9583 0.064962
0.9623 0.037428
0.9663 -0.002588
0.9703 -0.016439
0.9743 0.001659
0.9783 -0.043700
0.9823 -0.041203
0.9863 -0.032770
0.9903 -0.034534
0.9943 -0.015127
0.9983 0.000000
1.0023 0.000392
1.0063 -0.020177
1.0103 -0.017824
1.0143 -0.050961
1.0183 0.021182
1.0223 -0.026084
1.0263 -0.063097
1.0303 -0.041509
1.0343 -0.048823
1.0383 -0.045477
1.0423 -0.050372
1.0463 -0.085966
1.0503 -0.050792
1.0543 -0.091910
1.0583 -0.042371
1.0623 -0.067756
1.0663 -0.062383
1.0703 -0.052009
1.0743 -0.056790
1.0783 -0.011817
1.0823 -0.012058
1.0862 -0.026230
1.0902 -0.023036
1.0942 -0.077102
1.0982 -0.062576
1.1022 -0.095750
1.1062 -0.064113
1.1102 -0.052354
1.1142 -0.041595
1.1182 -0.063166
1.1222 -0.012503
1.1262 -0.041796
1.1302 -0.035465
1.1342 -0.047496
1.1382 -0.081358
1.1422 -0.007075
1.1462 -0.085333
1.1502 -0.027578
1.1542 -0.033199
1.1582 -0.045009
1.1622 -0.095048
1.1662 -0.084841
1.1702 -0.100792
1.1742 -0.055654
1.1782 -0.016865
1.1822 -0.049170
1.1862 -0.081936
1.1902 -0.094909
1.1942 -0.090552
1.1982 -0.070939
1.2022 -0.095474
1.2062 -0.066661
1.2102 -0.089172
1.2142 -0.082440
1.2182 -0.110814
1.2222 -0.024947
1.2262 -0.027045
1.2302 -0.065881
1.2342 -0.045916
1.2381 -0.081341
1.2421 -0.082342
1.2461 -0.092799
1.2501 -0.005052
1.2541 -0.036368
1.2581 -0.030528
1.2621 -0.088714
1.2661 -0.053422
1.2701 -0.079770
1.2741 -0.105038
1.2781 -0.076710
1.2821 -0.105895
1.2861 -0.038049
1.2901 -0.075592
1.2941 -0.040219
1.2981 -0.041327
1.3021 -0.072894
1.3061 -0.071363
1.3101 -0.096771
1.3141 -0.091843
1.3181 -0.042060
1.3221 -0.104533
1.3261 -0.053765
1.3301 -0.053126
1.3341 -0.081970
1.3381 -0.091020
1.3421 -0.071154
1.3461 -0.082425
1.3501 -0.110873
1.3541 -0.098189
1.3581 -0.063061
1.3621 -0.113717
1.3661 -0.112929
1.3701 -0.161237
1.3741 -0.121806
1.3781 -0.097403
1.3821 -0.092496
1.3861 -0.052031
1.3901 -0.126886
1.3940 -0.088422
1.3980 -0.085326
1.4020 -0.138927
1.4060 -0.130737
1.4100 -0.104854
1.4140 -0.111762
1.4180 -0.098225
1.4220 -0.104848
1.4260 -0.103992
1.4300 -0.080856
1.4340 -0.106605
1.4380 -0.129030
1.4420 -0.105753
1.4460 -0.098903
1.4500 -0.127835
1.4540 -0.157657
1.4580 -0.146868
1.4620 -0.132207
1.4660 -0.103815
1.4700 -0.039923
1.4740 -0.110425
1.4780 -0.100602
1.4820 -0.105418
1.4860 -0.092263
1.4900 -0.152250
1.4940 -0.136938
1.4980 -0.111698
1.5020 -0.128475
1.5060 -0.121689
1.5100 -0.088087
1.5140 -0.088398
1.5180 -0.095149
1.5220 -0.081152
1.5260 -0.103519
1.5300 -0.092855
1.5340 -0.084631
1.5380 -0.065864
1.5419 -0.164976
1.5459 -0.173030
1.5499 -0.121490
