# DMA(O) -- Ca in MM (Tip3p)
# r0[nm] k[kCal/mol/nm^2]
0.2405 2.448705
0.2445 0.950512
0.2485 -0.134439
0.2525 -0.893968
0.2565 -1.335613
0.2605 -1.562778
0.2645 -1.591726
0.2685 -1.528516
0.2725 -1.384767
0.2765 -1.147702
0.2805 -0.873701
0.2845 -0.595938
0.2885 -0.276426
0.2925 0.055600
0.2965 0.376218
0.3005 0.687443
0.3045 1.018929
0.3085 1.261632
0.3125 1.524432
0.3165 1.837612
0.3205 1.989779
0.3245 2.178120
0.3285 2.365850
0.3325 2.495317
0.3365 2.692326
0.3405 2.787842
0.3445 2.834624
0.3485 2.898830
0.3525 2.963404
0.3565 2.953039
0.3605 3.021995
0.3645 2.944189
0.3685 2.928578
0.3725 2.912855
0.3765 2.788944
0.3805 2.740344
0.3845 2.614077
0.3885 2.430385
0.3925 2.349276
0.3965 2.161357
0.4005 2.007776
0.4045 1.856677
0.4085 1.679938
0.4125 1.479300
0.4165 1.382139
0.4205 1.173793
0.4245 1.017601
0.4285 0.878327
0.4325 0.711269
0.4365 0.571457
0.4405 0.439021
0.4445 0.334478
0.4485 0.263626
0.4525 0.183662
0.4565 0.093270
0.4605 0.068964
0.4645 0.006672
0.4685 -0.032981
0.4725 -0.112853
0.4765 -0.114393
0.4805 -0.186367
0.4845 -0.197645
0.4885 -0.202057
0.4925 -0.244141
0.4965 -0.269229
0.5005 -0.262055
0.5045 -0.275399
0.5086 -0.279552
0.5126 -0.259264
0.5166 -0.244672
0.5206 -0.219897
0.5246 -0.195717
0.5286 -0.162628
0.5326 -0.100149
0.5366 -0.040516
0.5406 0.000347
0.5446 0.102151
0.5486 0.095240
0.5526 0.108350
0.5566 0.170815
0.5606 0.211602
0.5646 0.277437
0.5686 0.273806
0.5726 0.287596
0.5766 0.339381
0.5806 0.379323
0.5846 0.413638
0.5886 0.400827
0.5926 0.371850
0.5966 0.409293
0.6006 0.418726
0.6046 0.402476
0.6086 0.336702
0.6126 0.364773
0.6166 0.338874
0.6206 0.293591
0.6246 0.314097
0.6286 0.320281
0.6326 0.323250
0.6366 0.263615
0.6406 0.251508
0.6446 0.237380
0.6486 0.184859
0.6526 0.215752
0.6566 0.195646
0.6606 0.174310
0.6646 0.177773
0.6686 0.169591
0.6726 0.137026
0.6766 0.133616
0.6806 0.096864
0.6846 0.075846
0.6886 0.071026
0.6926 0.054826
0.6966 0.028292
0.7006 0.070099
0.7046 0.004297
0.7086 0.024570
0.7126 -0.022286
0.7166 -0.027213
0.7206 -0.018307
0.7246 -0.027293
0.7286 -0.010131
0.7326 -0.041300
0.7366 -0.066310
0.7406 -0.040903
0.7446 -0.048467
0.7486 -0.073307
0.7526 -0.041407
0.7566 -0.000942
0.7606 -0.049379
0.7646 -0.032389
0.7686 -0.024513
0.7726 -0.078149
0.7766 -0.016167
0.7806 0.038360
0.7846 0.002268
0.7886 0.030279
0.7926 0.010427
0.7966 0.021249
0.8006 0.007842
0.8046 0.034615
0.8086 0.067517
0.8127 0.053064
0.8167 0.028086
0.8207 0.100388
0.8247 0.075433
0.8287 0.103925
0.8327 0.136405
0.8367 0.112730
0.8407 0.057340
0.8447 0.120696
0.8487 0.134439
0.8527 0.110674
0.8567 0.149787
0.8607 0.128359
0.8647 0.083510
0.8687 0.136489
0.8727 0.169431
0.8767 0.060117
0.8807 0.087085
0.8847 0.074087
0.8887 0.040743
0.8927 0.086951
0.8967 0.073033
0.9007 0.074484
0.9047 0.072525
0.9087 0.103375
0.9127 0.089280
0.9167 0.058895
0.9207 0.045408
0.9247 0.095603
0.9287 0.032918
0.9327 0.034949
0.9367 0.060316
0.9407 0.072391
0.9447 0.087490
0.9487 0.052558
0.9527 0.080937
0.9567 0.066475
0.9607 0.089066
0.9647 0.030523
0.9687 0.048829
0.9727 0.019835
0.9767 0.034182
0.9807 0.011302
0.9847 0.018827
0.9887 0.041156
0.9927 0.082786
0.9967 0.021661
1.0007 -0.042905
1.0047 -0.001225
1.0087 0.008739
1.0127 0.051110
1.0167 -0.017802
1.0207 0.021984
1.0247 -0.030771
1.0287 0.008834
1.0327 -0.058296
1.0367 0.017818
1.0407 0.021567
1.0447 0.023853
1.0487 -0.023826
1.0527 -0.036192
1.0567 0.029866
1.0607 0.000378
1.0647 -0.041797
1.0687 0.007286
1.0727 0.003460
1.0767 -0.021287
1.0807 -0.058039
1.0847 -0.034018
1.0887 -0.042923
1.0927 -0.044721
1.0967 -0.110490
1.1007 -0.030896
1.1047 -0.114250
1.1087 -0.077522
1.1127 -0.065267
1.1168 0.002544
1.1208 -0.010411
1.1248 -0.149743
1.1288 -0.057307
1.1328 -0.083946
1.1368 -0.032169
1.1408 -0.076978
1.1448 -0.099698
1.1488 -0.074387
1.1528 -0.038015
1.1568 -0.082687
1.1608 -0.015820
1.1648 -0.108963
1.1688 -0.071680
1.1728 -0.018113
1.1768 -0.068106
1.1808 -0.059625
1.1848 -0.074446
1.1888 0.011866
1.1928 -0.053285
1.1968 -0.064648
1.2008 0.000000
1.2048 -0.025568
1.2088 -0.056264
1.2128 -0.081000
1.2168 -0.068492
1.2208 -0.063777
1.2248 -0.084236
1.2288 -0.070975
1.2328 -0.092844
1.2368 -0.085082
1.2408 -0.070288
1.2448 -0.088487
1.2488 -0.065669
1.2528 -0.067805
1.2568 -0.046305
1.2608 -0.034816
1.2648 -0.017931
1.2688 -0.041088
1.2728 0.016134
1.2768 -0.041082
1.2808 -0.043693
1.2848 -0.013089
1.2888 0.004682
1.2928 -0.023446
1.2968 -0.029182
1.3008 -0.050938
1.3048 -0.069485
1.3088 -0.027801
1.3128 -0.005669
1.3168 -0.026876
1.3208 -0.027924
1.3248 -0.015100
1.3288 -0.009562
1.3328 -0.023246
1.3368 0.019971
1.3408 0.029545
1.3448 -0.040868
1.3488 0.016025
1.3528 0.032062
1.3568 -0.029285
1.3608 -0.004098
1.3648 -0.002771
1.3688 -0.016032
1.3728 0.004108
1.3768 -0.037436
1.3808 -0.029528
1.3848 -0.034052
1.3888 -0.046269
1.3928 0.004422
1.3968 -0.003728
1.4008 -0.004700
1.4048 0.012454
1.4088 -0.039629
1.4128 -0.003431
1.4169 -0.003312
1.4209 -0.017242
1.4249 -0.038562
1.4289 -0.002738
1.4329 -0.025377
1.4369 0.029910
1.4409 0.003456
1.4449 -0.007930
1.4489 -0.028436
1.4529 0.014660
1.4569 -0.006548
1.4609 -0.039251
1.4649 0.004646
1.4689 -0.009699
1.4729 0.016640
1.4769 -0.003891
1.4809 -0.024974
1.4849 0.024308
1.4889 -0.025983
1.4929 0.060924
1.4969 -0.008913
1.5009 -0.005916
1.5049 0.038550
1.5089 0.007658
1.5129 0.018202
1.5169 -0.043091
1.5209 -0.005422
1.5249 0.027015
1.5289 0.012419
1.5329 0.046700
1.5369 0.025280
1.5409 0.013005
1.5449 -0.008242
1.5489 0.014199
