# Acetate(C2) -- DMA(O) in MM (Tip3p)
# r0[nm] k[kCal/mol/nm^2]
0.2506 14.403352
0.2546 12.576044
0.2586 11.129055
0.2626 9.838307
0.2666 8.803508
0.2706 7.890231
0.2746 7.131886
0.2786 6.436488
0.2826 5.859441
0.2866 5.316862
0.2906 4.868661
0.2946 4.469320
0.2986 4.114491
0.3026 3.803496
0.3066 3.511592
0.3106 3.273821
0.3146 3.033318
0.3186 2.792656
0.3226 2.620663
0.3266 2.435149
0.3306 2.306166
0.3346 2.128804
0.3386 1.969435
0.3426 1.874783
0.3466 1.741228
0.3506 1.618364
0.3546 1.500207
0.3586 1.424253
0.3626 1.355521
0.3666 1.256993
0.3706 1.192990
0.3746 1.068123
0.3786 1.056594
0.3826 0.934525
0.3866 0.916272
0.3906 0.813800
0.3946 0.791662
0.3986 0.704109
0.4026 0.654974
0.4066 0.621908
0.4106 0.570592
0.4146 0.502587
0.4186 0.464787
0.4226 0.408844
0.4266 0.362035
0.4306 0.337715
0.4346 0.248886
0.4386 0.236304
0.4426 0.161664
0.4466 0.155606
0.4506 0.102091
0.4546 0.110249
0.4586 0.045650
0.4626 -0.010517
0.4666 0.001853
0.4706 0.026316
0.4746 0.007505
0.4786 -0.014637
0.4826 -0.059502
0.4866 -0.035598
0.4906 -0.033167
0.4946 -0.063951
0.4986 -0.045108
0.5026 -0.042560
0.5066 -0.011442
0.5106 -0.026655
0.5146 0.011369
0.5186 -0.024236
0.5226 0.017844
0.5266 0.006143
0.5306 0.025427
0.5346 0.037738
0.5386 -0.005786
0.5426 0.032968
0.5466 -0.012433
0.5506 0.032735
0.5546 0.047672
0.5586 0.028051
0.5626 0.036867
0.5666 0.083211
0.5706 0.070617
0.5746 0.045074
0.5786 0.109477
0.5826 0.077967
0.5866 0.079814
0.5906 0.133724
0.5946 0.101487
0.5986 0.095344
0.6026 0.070768
0.6066 0.091568
0.6106 0.057784
0.6146 0.088192
0.6186 0.092125
0.6226 0.104969
0.6266 0.061308
0.6306 0.057421
0.6346 0.074883
0.6386 0.052244
0.6426 0.044918
0.6466 0.064210
0.6506 0.039562
0.6546 0.031820
0.6586 0.043392
0.6626 0.016001
0.6666 0.046994
0.6706 -0.007239
0.6746 -0.025503
0.6786 -0.000340
0.6826 0.006891
0.6866 -0.010724
0.6906 -0.014079
0.6946 -0.046730
0.6986 -0.031251
0.7026 -0.013079
0.7066 -0.031601
0.7106 -0.012950
0.7146 0.015474
0.7186 0.016930
0.7226 0.018204
0.7266 -0.017939
0.7306 0.031850
0.7346 -0.011977
0.7386 0.023129
0.7426 -0.007313
0.7466 0.050682
0.7506 0.079605
0.7546 0.028384
0.7586 0.053844
0.7626 0.054432
0.7666 0.055871
0.7706 0.050900
0.7746 0.067220
0.7786 0.085358
0.7826 -0.002240
0.7866 0.040538
0.7906 0.086325
0.7946 0.053815
0.7986 0.170985
0.8026 0.175263
0.8066 0.052326
0.8106 0.124762
0.8146 0.170738
0.8186 0.101603
0.8226 0.096728
0.8266 0.125936
0.8306 0.153862
0.8346 0.123487
0.8386 0.140284
0.8426 0.127551
0.8466 0.126101
0.8506 0.080872
0.8546 0.106773
0.8586 0.148427
0.8626 0.151178
0.8666 0.148713
0.8706 0.107027
0.8746 0.174052
0.8786 0.118703
0.8826 0.136976
0.8866 0.103156
0.8906 0.116363
0.8946 0.094187
0.8986 0.104428
0.9026 0.056743
0.9066 0.073381
0.9106 0.109406
0.9146 0.036770
0.9186 0.120557
0.9226 0.111273
0.9266 0.006759
0.9306 0.005720
0.9346 0.025995
0.9386 0.026542
0.9426 0.074312
0.9466 0.045352
0.9506 0.032958
0.9546 0.021018
0.9586 0.020955
0.9626 0.043659
0.9666 0.028300
0.9706 -0.062847
0.9746 0.024567
0.9786 -0.005770
0.9826 0.036686
0.9866 0.005378
0.9906 0.000653
0.9946 0.020587
0.9986 0.045005
1.0026 0.039112
1.0066 0.003780
1.0106 -0.001695
1.0146 0.000942
1.0186 0.062891
1.0226 -0.013554
1.0266 -0.014829
1.0306 0.048127
1.0346 0.041705
1.0386 0.033920
1.0426 0.037835
1.0466 0.069981
1.0506 0.056967
1.0546 0.031916
1.0586 0.049463
1.0626 0.071445
1.0666 0.038402
1.0706 0.052533
1.0746 -0.005136
1.0786 0.028801
1.0826 -0.010846
1.0866 0.008076
1.0906 0.035981
1.0946 0.020609
1.0986 0.058180
1.1026 0.014346
1.1066 0.018706
1.1106 0.001825
1.1146 0.000514
1.1186 -0.011249
1.1226 0.025482
1.1266 -0.089708
1.1306 0.017709
1.1346 -0.004030
1.1386 -0.031712
1.1426 -0.013188
1.1466 -0.004520
1.1506 0.020261
1.1546 0.039747
1.1586 -0.008820
1.1626 -0.003917
1.1666 -0.001635
1.1706 0.058596
1.1746 -0.002359
1.1786 -0.050144
1.1826 -0.012487
1.1866 0.004384
1.1906 0.018193
1.1946 -0.022862
1.1986 0.000000
1.2026 -0.019266
1.2066 -0.030035
1.2106 -0.049844
1.2146 -0.025806
1.2186 -0.091784
1.2226 -0.030225
1.2266 -0.009232
1.2306 0.004061
1.2346 -0.048516
1.2386 -0.015670
1.2426 -0.029995
1.2466 0.019062
1.2506 -0.047425
1.2546 -0.065289
1.2586 -0.044552
1.2626 -0.047259
1.2666 -0.003644
1.2706 -0.047296
1.2746 -0.038000
1.2786 -0.018065
1.2826 -0.026488
1.2866 0.014289
1.2906 0.006261
1.2946 -0.010142
1.2986 -0.026023
1.3026 -0.024081
1.3066 0.021652
1.3105 0.001396
1.3145 0.023038
1.3185 -0.019277
1.3225 -0.005243
1.3265 -0.010710
1.3305 0.043132
1.3345 0.007525
1.3385 -0.019249
1.3425 -0.022988
1.3465 0.029941
1.3505 -0.068708
1.3545 0.012077
1.3585 -0.005527
1.3625 -0.076486
1.3665 -0.024878
1.3705 -0.042267
1.3745 -0.032639
1.3785 0.014785
1.3825 -0.025571
1.3865 -0.055283
1.3905 -0.063328
1.3945 -0.021924
1.3985 -0.064178
1.4025 -0.059439
1.4065 -0.028548
1.4105 -0.092813
1.4145 -0.077053
1.4185 -0.060565
1.4225 -0.010233
1.4265 -0.021416
1.4305 -0.042972
1.4345 -0.042627
1.4385 -0.029093
1.4425 -0.045714
1.4465 -0.049227
1.4505 -0.042187
1.4545 -0.074623
1.4585 -0.002740
1.4625 -0.023618
1.4665 -0.056440
1.4705 -0.084041
1.4745 -0.039750
1.4785 -0.065907
1.4825 -0.035178
1.4865 0.008446
1.4905 -0.031355
1.4945 -0.057262
1.4985 -0.049031
1.5025 -0.028555
1.5065 -0.019598
1.5105 -0.043125
1.5145 0.020673
1.5185 -0.055186
1.5225 -0.050526
1.5265 -0.006132
1.5305 -0.060383
1.5345 0.038542
1.5385 -0.048466
1.5425 -0.065894
1.5465 -0.085905
