# Acetate(C2) -- DMA(O) in GB*
# r0[nm] k[kCal/mol/nm^2]
0.2479 15.722577
0.2519 13.863249
0.2559 12.126602
0.2599 10.719214
0.2639 9.479961
0.2679 8.420080
0.2719 7.572735
0.2759 6.842617
0.2799 6.206028
0.2839 5.631667
0.2879 5.138706
0.2918 4.703616
0.2958 4.304564
0.2998 3.979397
0.3038 3.656350
0.3078 3.387294
0.3118 3.156683
0.3158 2.900718
0.3198 2.726132
0.3238 2.517040
0.3278 2.351469
0.3318 2.195989
0.3358 2.043760
0.3398 1.890802
0.3438 1.756844
0.3478 1.639201
0.3518 1.540124
0.3558 1.411569
0.3598 1.359015
0.3638 1.252491
0.3678 1.171315
0.3718 1.096830
0.3758 1.015615
0.3798 0.958642
0.3838 0.884455
0.3878 0.808948
0.3918 0.788979
0.3958 0.684754
0.3998 0.635471
0.4038 0.587822
0.4078 0.550593
0.4118 0.434561
0.4158 0.426582
0.4198 0.380058
0.4238 0.325778
0.4278 0.322489
0.4318 0.236116
0.4358 0.172086
0.4398 0.091053
0.4438 0.070497
0.4478 0.051380
0.4518 0.055719
0.4558 0.002040
0.4598 0.014844
0.4638 -0.035467
0.4678 -0.041365
0.4718 -0.041787
0.4758 -0.029378
0.4798 -0.027161
0.4837 -0.085398
0.4877 -0.065316
0.4917 -0.087031
0.4957 -0.044926
0.4997 -0.075913
0.5037 -0.059834
0.5077 -0.020664
0.5117 -0.034107
0.5157 0.007618
0.5197 -0.018958
0.5237 0.025299
0.5277 -0.037874
0.5317 -0.027841
0.5357 -0.048926
0.5397 -0.045329
0.5437 -0.005164
0.5477 0.032680
0.5517 0.015842
0.5557 0.041603
0.5597 0.037470
0.5637 0.097694
0.5677 0.054382
0.5717 0.071349
0.5757 0.070647
0.5797 0.066593
0.5837 0.071577
0.5877 0.078913
0.5917 0.081265
0.5957 0.109112
0.5997 0.079221
0.6037 0.076566
0.6077 0.053303
0.6117 0.064076
0.6157 0.040099
0.6197 0.105381
0.6237 0.075814
0.6277 0.093863
0.6317 0.064959
0.6357 0.075679
0.6397 0.047495
0.6437 0.078413
0.6477 0.078325
0.6517 0.007975
0.6557 0.022516
0.6597 0.057105
0.6637 0.030504
0.6677 0.029023
0.6717 0.007830
0.6756 -0.002974
0.6796 -0.012761
0.6836 -0.020296
0.6876 -0.036624
0.6916 0.022054
0.6956 -0.046757
0.6996 -0.042953
0.7036 -0.012419
0.7076 0.005816
0.7116 0.042535
0.7156 0.012136
0.7196 0.044468
0.7236 -0.000458
0.7276 0.052580
0.7316 0.019116
0.7356 0.039191
0.7396 0.038410
0.7436 0.061824
0.7476 0.050081
0.7516 0.083239
0.7556 0.077976
0.7596 0.095851
0.7636 0.083634
0.7676 0.087274
0.7716 0.086088
0.7756 0.105131
0.7796 0.052129
0.7836 0.099672
0.7876 0.093948
0.7916 0.088390
0.7956 0.088253
0.7996 0.125676
0.8036 0.115605
0.8076 0.139951
0.8116 0.141651
0.8156 0.148531
0.8196 0.170116
0.8236 0.158641
0.8276 0.148095
0.8316 0.148404
0.8356 0.111876
0.8396 0.124703
0.8436 0.091108
0.8476 0.175831
0.8516 0.121409
0.8556 0.164418
0.8596 0.146082
0.8636 0.196733
0.8676 0.175458
0.8715 0.213165
0.8755 0.215289
0.8795 0.195233
0.8835 0.163362
0.8875 0.160023
0.8915 0.205678
0.8955 0.092304
0.8995 0.201427
0.9035 0.084939
0.9075 0.073667
0.9115 0.106028
0.9155 0.141159
0.9195 0.040230
0.9235 0.057551
0.9275 -0.022366
0.9315 0.060944
0.9355 0.013119
0.9395 0.035942
0.9435 0.036699
0.9475 0.076478
0.9515 -0.012463
0.9555 -0.059001
0.9595 -0.013230
0.9635 -0.033507
0.9675 -0.084185
0.9715 -0.030716
0.9755 -0.009525
0.9795 0.011945
0.9835 0.027591
0.9875 0.033202
0.9915 0.027227
0.9955 0.071349
0.9995 0.062478
1.0035 0.067242
1.0075 0.047234
1.0115 0.065022
1.0155 0.054645
1.0195 0.042162
1.0235 0.000753
1.0275 0.045969
1.0315 0.062065
1.0355 0.036237
1.0395 0.100610
1.0435 0.134064
1.0475 0.124410
1.0515 0.106580
1.0555 0.048556
1.0595 0.052187
1.0634 0.029954
1.0674 0.053472
1.0714 0.017347
1.0754 0.041434
1.0794 0.062728
1.0834 0.021709
1.0874 0.020726
1.0914 0.019574
1.0954 0.096032
1.0994 0.089926
1.1034 0.037905
1.1074 0.009314
1.1114 0.039886
1.1154 -0.007757
1.1194 0.035490
1.1234 0.000639
1.1274 -0.004671
1.1314 -0.059312
1.1354 0.024488
1.1394 -0.034406
1.1434 -0.007627
1.1474 0.053470
1.1514 0.051872
1.1554 0.005124
1.1594 0.066282
1.1634 0.058216
1.1674 0.043998
1.1714 0.042071
1.1754 0.025845
1.1794 0.027687
1.1834 0.007611
1.1874 0.046309
1.1914 0.038893
1.1954 0.061829
1.1994 0.000000
1.2034 0.069229
1.2074 -0.001685
1.2114 0.066765
1.2154 0.032529
1.2194 0.013782
1.2234 0.049199
1.2274 0.079248
1.2314 0.079393
1.2354 0.029178
1.2394 0.055458
1.2434 0.019235
1.2474 0.031380
1.2514 -0.024835
1.2553 0.048717
1.2593 0.045373
1.2633 0.033770
1.2673 -0.010570
1.2713 0.073447
1.2753 0.065273
1.2793 0.039833
1.2833 0.056117
1.2873 0.028153
1.2913 -0.036397
1.2953 0.033997
1.2993 0.025625
1.3033 0.022281
1.3073 0.013255
1.3113 0.017345
1.3153 -0.033145
1.3193 0.058939
1.3233 0.021108
1.3273 0.049468
1.3313 0.055956
1.3353 -0.034580
1.3393 0.013593
1.3433 0.017847
1.3473 0.024871
1.3513 0.017701
1.3553 0.019105
1.3593 -0.023442
1.3633 -0.003922
1.3673 -0.022975
1.3713 -0.004549
1.3753 0.008715
1.3793 0.008284
1.3833 0.048125
1.3873 0.017761
1.3913 0.048476
1.3953 -0.032525
1.3993 0.030630
1.4033 -0.031983
1.4073 0.039036
1.4113 0.013845
1.4153 0.041017
1.4193 0.060653
1.4233 0.059404
1.4273 0.085008
1.4313 0.040078
1.4353 0.029405
1.4393 0.092539
1.4433 0.035772
1.4472 0.024315
1.4512 0.027923
1.4552 0.075556
1.4592 -0.001728
1.4632 -0.054826
1.4672 0.051404
1.4712 0.096212
1.4752 0.029765
1.4792 0.022061
1.4832 0.043568
1.4872 0.027167
1.4912 0.034300
1.4952 0.045159
1.4992 0.043051
1.5032 0.056854
1.5072 0.045395
1.5112 0.003314
1.5152 0.043162
1.5192 0.013367
1.5232 0.075545
1.5272 0.071632
1.5312 0.086477
1.5352 0.060978
1.5392 0.042512
1.5432 0.053205
1.5472 0.003223
