# Na -- Na in GB**
# r0[nm] k[kCal/mol/nm^2]
0.1875 16.746797
0.1915 16.323630
0.1955 15.428014
0.1995 15.710435
0.2035 13.684594
0.2075 11.881295
0.2115 10.170192
0.2155 8.902646
0.2195 7.921013
0.2235 7.017571
0.2275 6.163409
0.2315 5.338115
0.2355 4.571342
0.2395 3.887886
0.2435 3.470604
0.2475 3.156945
0.2515 3.028327
0.2555 2.923584
0.2595 2.800831
0.2635 2.614813
0.2675 2.387488
0.2715 2.180683
0.2755 1.914454
0.2795 1.669110
0.2835 1.442164
0.2875 1.228639
0.2915 0.988337
0.2955 0.793092
0.2995 0.541092
0.3035 0.345877
0.3075 0.103335
0.3115 -0.144708
0.3155 -0.295870
0.3195 -0.456299
0.3235 -0.555860
0.3275 -0.675236
0.3315 -0.791881
0.3355 -0.899082
0.3395 -0.996166
0.3435 -1.085909
0.3475 -1.231897
0.3515 -1.303625
0.3555 -1.358136
0.3595 -1.501992
0.3635 -1.515939
0.3675 -1.558927
0.3715 -1.562874
0.3755 -1.568947
0.3795 -1.489824
0.3836 -1.407685
0.3876 -1.286942
0.3916 -1.182434
0.3956 -1.076777
0.3996 -0.991878
0.4036 -0.942855
0.4076 -0.835356
0.4116 -0.773654
0.4156 -0.767659
0.4196 -0.695388
0.4236 -0.668635
0.4276 -0.600734
0.4316 -0.554434
0.4356 -0.495652
0.4396 -0.495857
0.4436 -0.424830
0.4476 -0.380141
0.4516 -0.280623
0.4556 -0.209849
0.4596 -0.166551
0.4636 -0.057678
0.4676 0.036264
0.4716 0.139197
0.4756 0.219934
0.4796 0.310004
0.4836 0.393705
0.4876 0.511860
0.4916 0.505510
0.4956 0.554515
0.4996 0.612607
0.5036 0.639728
0.5076 0.626119
0.5116 0.727541
0.5156 0.747536
0.5196 0.655301
0.5236 0.674204
0.5276 0.639898
0.5316 0.586439
0.5356 0.524216
0.5396 0.467690
0.5436 0.433134
0.5476 0.387439
0.5516 0.361550
0.5556 0.305563
0.5596 0.219760
0.5636 0.237031
0.5676 0.204900
0.5716 0.167291
0.5756 0.152496
0.5796 0.161841
0.5836 0.148970
0.5876 0.119804
0.5917 0.080637
0.5957 0.116396
0.5997 0.090994
0.6037 0.102667
0.6077 0.159051
0.6117 0.144203
0.6157 0.172125
0.6197 0.136071
0.6237 0.104083
0.6277 0.130840
0.6317 0.125235
0.6357 0.132132
0.6397 0.113778
0.6437 0.143888
0.6477 0.146775
0.6517 0.110333
0.6557 0.133046
0.6597 0.125111
0.6637 0.132946
0.6677 0.109575
0.6717 0.150078
0.6757 0.127430
0.6797 0.142830
0.6837 0.143041
0.6877 0.167054
0.6917 0.231375
0.6957 0.253357
0.6997 0.279843
0.7037 0.283312
0.7077 0.265342
0.7117 0.232783
0.7157 0.226130
0.7197 0.262811
0.7237 0.262032
0.7277 0.260769
0.7317 0.261149
0.7357 0.287670
0.7397 0.261058
0.7437 0.277855
0.7477 0.261890
0.7517 0.252091
0.7557 0.251049
0.7597 0.188956
0.7637 0.215066
0.7677 0.188975
0.7717 0.216868
0.7757 0.225697
0.7797 0.176427
0.7837 0.240356
0.7877 0.189687
0.7917 0.101648
0.7957 0.085933
0.7997 0.035106
0.8037 0.138776
0.8078 0.126287
0.8118 0.090855
0.8158 0.102426
0.8198 0.011287
0.8238 0.130972
0.8278 0.104655
0.8318 0.064867
0.8358 -0.004725
0.8398 0.024333
0.8438 0.061461
0.8478 0.033068
0.8518 0.056296
0.8558 0.083250
0.8598 0.114625
0.8638 0.088655
0.8678 0.012574
0.8718 0.047073
0.8758 0.060418
0.8798 0.062914
0.8838 0.023380
0.8878 0.015952
0.8918 -0.012827
0.8958 0.042935
0.8998 0.048532
0.9038 0.031179
0.9078 0.028562
0.9118 0.078673
0.9158 0.021097
0.9198 -0.002724
0.9238 -0.015937
0.9278 0.036698
0.9318 -0.015562
0.9358 0.011687
0.9398 -0.030061
0.9438 0.020156
0.9478 -0.003249
0.9518 0.009928
0.9558 -0.013042
0.9598 -0.031910
0.9638 -0.051563
0.9678 0.052175
0.9718 -0.070299
0.9758 -0.080566
0.9798 -0.021534
0.9838 -0.033225
0.9878 -0.028009
0.9918 -0.026143
0.9958 -0.066212
0.9998 0.000000
1.0038 -0.039813
1.0078 -0.000134
1.0118 -0.028354
1.0159 -0.069254
1.0199 -0.028615
1.0239 -0.068160
1.0279 -0.064902
1.0319 -0.038836
1.0359 -0.103098
1.0399 -0.091028
1.0439 -0.051971
1.0479 -0.022780
1.0519 -0.032923
1.0559 -0.069096
1.0599 -0.051298
1.0639 -0.051015
1.0679 -0.064847
1.0719 -0.094231
1.0759 -0.033277
1.0799 -0.081922
1.0839 -0.074775
1.0879 -0.085213
1.0919 -0.065488
1.0959 -0.014623
1.0999 -0.068047
1.1039 -0.065536
1.1079 -0.056808
1.1119 -0.039146
1.1159 -0.111000
1.1199 -0.095208
1.1239 -0.055107
1.1279 -0.059260
1.1319 -0.072055
1.1359 -0.094064
1.1399 -0.100530
1.1439 -0.103350
1.1479 -0.066840
1.1519 -0.074342
1.1559 -0.091339
1.1599 -0.029294
1.1639 -0.042768
1.1679 -0.102442
1.1719 -0.127424
1.1759 -0.129385
1.1799 -0.084302
1.1839 -0.129299
1.1879 -0.158229
1.1919 -0.109692
1.1959 -0.109503
1.1999 -0.082797
1.2039 -0.140397
1.2079 -0.149431
1.2119 -0.085180
1.2159 -0.083897
1.2199 -0.042480
1.2240 -0.134669
1.2280 -0.142243
1.2320 -0.099607
1.2360 -0.094415
1.2400 -0.074379
1.2440 -0.117814
1.2480 -0.151056
1.2520 -0.124513
1.2560 -0.117439
1.2600 -0.082717
1.2640 -0.093986
1.2680 -0.123362
1.2720 -0.142212
1.2760 -0.108284
1.2800 -0.123038
1.2840 -0.130533
1.2880 -0.141748
1.2920 -0.155253
1.2960 -0.187714
1.3000 -0.178968
1.3040 -0.168461
1.3080 -0.133061
1.3120 -0.185172
1.3160 -0.183852
1.3200 -0.169585
1.3240 -0.232073
1.3280 -0.183100
1.3320 -0.198924
1.3360 -0.205276
1.3400 -0.175316
1.3440 -0.138592
1.3480 -0.149449
1.3520 -0.109594
1.3560 -0.132170
1.3600 -0.117409
1.3640 -0.114154
1.3680 -0.132437
1.3720 -0.148007
1.3760 -0.158618
1.3800 -0.204848
1.3840 -0.165523
1.3880 -0.122178
1.3920 -0.108343
1.3960 -0.125004
1.4000 -0.139171
1.4040 -0.123013
1.4080 -0.118205
1.4120 -0.113602
1.4160 -0.141668
1.4200 -0.160306
1.4240 -0.197610
1.4280 -0.192224
1.4320 -0.175016
1.4361 -0.184185
1.4401 -0.241186
1.4441 -0.145806
1.4481 -0.212114
1.4521 -0.184832
1.4561 -0.155962
1.4601 -0.173281
1.4641 -0.159164
1.4681 -0.202412
1.4721 -0.150589
1.4761 -0.125492
1.4801 -0.123137
1.4841 -0.180094
1.4881 -0.145883
1.4921 -0.197947
1.4961 -0.187401
1.5001 -0.213299
1.5041 -0.140596
1.5081 -0.124551
1.5121 -0.166361
1.5161 -0.181268
1.5201 -0.178459
1.5241 -0.203854
1.5281 -0.175829
1.5321 -0.214227
1.5361 -0.179560
1.5401 -0.204100
1.5441 -0.189898
1.5481 -0.147910
